637566989 95.0788 0.472815 2093 1.70077
637632525 96.6841 0.431856 1719 1.88405
637566993 96.1122 0.322129 3601 1.72178
637632529 95.5201 0.366144 3192 2.13601
637566997 93.692 0.395779 3773 1.93974
637632533 97.6246 0.233532 4252 2.85911
637567001 97.1143 0.282966 3500 2.39758
637632537 93.7053 0.459305 2796 1.8475
637567005 97.9329 0.304938 2177 2.6432
637632541 98.137 0.33147 1664 2.85853
637567117 93.47 0.539375 2098 1.74331
637632653 96.6122 0.444977 1653 2.0841
637567121 0 0 3528 0
637632657 0 0 3150 0
637567125 0 0 3590 0
637632661 0 0 4152 0
637567129 94.4828 0.379213 3625 1.89093
637632665 94.3189 0.421921 3010 2.09602
637567133 95.3289 0.460702 2098 1.60458
637632669 94.9419 0.528397 1720 1.83462
637567245 94.988 0.478997 2075 1.84945
637632781 96.0022 0.461629 1801 2.1577
637567249 0 0 2890 0
637632785 0 0 2507 0
637567253 93.4174 0.464018 2856 1.85043
637632789 94.6916 0.36166 3843 1.91964
637567257 94.324 0.390774 3506 1.69562
637632793 96.1589 0.346748 3072 2.0924
637567261 95.658 0.431185 2234 1.59314
637632797 96.449 0.442895 1746 1.96665
637567373 94.3957 0.507747 2052 1.67813
637632909 97.4699 0.385436 1660 2.06862
637567377 95.6308 0.337785 3662 2.04174
637632913 94.7977 0.397958 3114 2.20013
637567381 94.8213 0.385633 3302 1.70526
637632917 94.5441 0.353663 4124 1.8267
637567385 92.8269 0.485063 2830 1.71784
637632921 96.1991 0.378522 2552 1.8244
637567389 96.1905 0.428578 1995 1.65233
637632925 97.5624 0.371519 1723 2.05104
637567501 94.2381 0.508495 2100 1.69689
637633037 98.0159 0.332035 1764 2.32107
637567505 95.6393 0.335056 3715 1.83467
637633041 94.7148 0.401651 3103 1.98932
637567509 0 0 3808 0
637633045 0 0 4150 0
637567513 96.5469 0.304694 3591 1.94694
637633049 94.2911 0.410916 3188 1.98974
637567517 0 0 0 0
637633053 0 0 0 0
637567629 95.1385 0.474181 2057 1.83498
637633165 96.3565 0.443611 1784 2.00857
637567633 94.4304 0.384635 3555 1.86037
637633169 96.6129 0.321855 3159 2.11957
637567637 96.2444 0.30919 3781 2.02216
637633173 95.9084 0.309146 4106 2.15084
637567641 94.5272 0.374378 3691 1.8018
637633177 87.9951 0.569508 3257 2.02479
637567645 95.9797 0.422272 2164 1.72329
637633181 92.2752 0.655881 1657 1.93593
637567757 0 0 2111 0
637633293 0 0 1969 0
637567761 95.8977 0.33247 3559 1.80757
637633297 96.9245 0.301283 3284 1.95191
637567765 96.623 0.286762 3968 1.93787
637633301 94.2747 0.360335 4157 1.99553
637567769 0 0 3481 0
637633305 0 0 3142 0
637567773 0 0 2182 0
637633309 0 0 1878 0
637567885 94.7418 0.485785 2111 1.6623
637633421 94.3289 0.580586 1587 1.86712
637567889 0 0 3726 0
637633425 0 0 3259 0
637567893 91.8905 0.445125 3761 1.75648
637633429 92.8782 0.40304 4072 1.85365
637567897 95.5167 0.342151 3658 2.2392
637633433 90.0126 0.532199 3174 1.76638
637567901 93.3803 0.659786 1420 1.6647
637633437 94.0764 0.659053 1283 2.18451
637568013 97.704 0.331045 2047 1.88357
637633549 97.9351 0.345409 1695 2.36122
637568017 95.885 0.333479 3548 1.82602
637633553 96.0271 0.351034 3096 2.00902
637568021 95.9216 0.321874 3776 3.01982
637633557 95.4612 0.326036 4076 2.86623
637568025 93.7065 0.405251 3591 1.75694
637633561 94.7201 0.398834 3144 2.02105
637568029 90.5801 0.65041 2017 1.90559
637633565 96.4587 0.438193 1779 2.61884
637568141 94.9081 0.477334 2121 1.68
637633677 96.7952 0.410487 1841 2.73705
637568145 0 0 3677 0
637633681 0 0 3132 0
637568149 0 0 3769 0
637633685 0 0 4019 0
637568153 93.453 0.411114 3620 1.7334
637633689 96.1171 0.344647 3142 1.88472
637568157 94.2272 0.503228 2148 1.74699
637633693 95.8665 0.458257 1887 2.09058
637568269 76.1062 0.920315 2147 1.79463
637633805 97.2571 0.39043 1750 2.13459
637568273 0 0 3633 0
637633809 0 0 3003 0
637568277 94.2193 0.383566 3702 2.08431
637633813 92.7832 0.411049 3963 2.03091
637568281 94.3023 0.404616 3282 1.88689
637633817 96.2193 0.351995 2936 2.14992
637568285 94.6828 0.484578 2144 2.14316
637633821 98.0287 0.339765 1674 2.56471
637568397 95.8647 0.431618 2128 1.80897
637633933 96.5596 0.436442 1744 2.1473
637568401 93.7915 0.410061 3463 1.67693
637633937 95.546 0.374703 3031 2.1549
637568405 94.601 0.366762 3797 1.7988
637633941 74.585 0.680285 4096 1.47334
637568409 83.6207 0.627357 3480 1.72273
637633945 96.0298 0.343885 3224 2.05896
637568413 0 0 2128 0
637633949 97.121 0.405317 1702 2.25394
637569037 94.0607 0.49576 2273 1.59226
637634573 97.394 0.360131 1957 1.88685
637569041 95.5969 0.361274 3225 1.8439
637634577 97.0043 0.299574 3238 1.98372
637569045 82.6204 0.655383 3343 1.39536
637634581 76.3144 0.692796 3766 1.38921
637569049 82.2474 0.677928 3177 1.77828
637634585 96.8729 0.319155 2974 1.88694
637569053 83.7113 0.749858 2425 1.35026
637634589 0 0 1911 0
637569165 95.6483 0.43213 2229 1.83844
637634701 98.0423 0.318674 1890 2.21796
637569169 0 0 3129 0
637634705 0 0 3254 0
637569173 0 0 3192 0
637634709 0 0 3664 0
637569177 80.4855 0.699169 3213 1.45168
637634713 90.4311 0.531603 3062 1.59505
637569181 78.1083 0.871372 2252 1.37262
637634717 97.4477 0.356317 1959 1.97328
637569293 95.2995 0.454345 2170 1.78416
637634829 96.6067 0.41054 1945 2.18452
637569297 0 0 2643 0
637634833 0 0 2619 0
637569301 0 0 2601 0
637634837 0 0 3262 0
637569305 77.5231 0.744818 3141 1.35368
637634841 96.7395 0.315988 3159 2.09494
637569309 94.9781 0.43601 2509 1.69976
637634845 96.9525 0.390661 1936 1.86841
637569421 83.7774 0.804096 2102 2.26489
637634957 96.2234 0.439655 1880 2.05235
637569425 0 0 3250 0
637634961 92.9159 0.456254 3162 1.6872
637569429 93.6807 0.446084 2975 1.75582
637634965 94.3169 0.382688 3660 1.80272
637569433 95.1249 0.428728 2523 1.56338
637634969 95.709 0.391463 2680 1.77567
637569437 0 0 2160 0
637634973 0 0 1868 0
637569549 94.9425 0.469859 2175 1.71267
637635085 96.2235 0.433581 1933 1.88724
637569553 95.7721 0.352216 3264 1.87878
637635089 93.4686 0.439951 3154 2.15814
637569557 0 0 3317 0
637635093 0 0 3643 0
637569561 0 0 3203 0
637635097 0 0 3340 0
637569565 0 0 0 0
637635101 0 0 0 0
637569677 97.9011 0.309582 2144 2.03923
637635213 94.1718 0.529717 1956 2.15983
637569681 95.2111 0.379017 3174 1.74123
637635217 96.7629 0.315287 3151 2.06455
637569685 0 0 3360 0
637635221 0 0 3589 0
637569689 95.6883 0.35646 3247 2.1393
637635225 98.3127 0.223559 3319 2.86737
637569693 95.3637 0.433663 2351 1.70213
637635229 96.0175 0.456745 1833 1.81604
637569805 96.2654 0.397441 2276 1.50627
637635341 92.8887 0.569178 2039 1.94085
637569809 95.1024 0.386127 3124 1.72894
637635345 96.5786 0.314911 3332 1.75387
637569813 97.843 0.246372 3477 2.72582
637635349 93.4736 0.405613 3708 1.92172
637569817 94.9969 0.38551 3198 1.76991
637635353 95.9715 0.346134 3227 1.85849
637569821 0 0 2261 0
637635357 0 0 2002 0
637569933 0 0 2224 0
637635469 0 0 1874 0
637569937 0 0 3397 0
637635473 0 0 3247 0
637569941 96.6479 0.310011 3371 1.83186
637635477 95.1713 0.359189 3562 1.946
637569945 95.2876 0.370678 3268 1.94706
637635481 96.3359 0.328302 3275 2.05471
637569949 89.8621 0.792645 1450 1.87455
637635485 97.1111 0.455862 1350 1.77674
637570061 0 0 2207 0
637635597 0 0 1981 0
637570065 96.2763 0.33779 3142 1.88176
637635601 96.877 0.312101 3106 2.07782
637570069 97.9592 0.246768 3283 2.77843
637635605 92.1133 0.449156 3601 2.8981
637570073 91.7081 0.485963 3220 1.44413
637635609 97.3237 0.286377 3176 1.82176
637570077 78.1052 0.880457 2206 1.26648
637635613 98.1275 0.304936 1976 2.54211
637570189 87.7371 0.68891 2267 1.47505
637635725 97.4824 0.351535 1986 1.86466
637570193 0 0 3283 0
637635729 0 0 3181 0
637570197 0 0 3330 0
637635733 0 0 3525 0
637570201 74.2508 0.764643 3270 1.30069
637635737 79.6818 0.703852 3268 1.47655
637570205 95.2873 0.448949 2228 1.60995
637635741 96.5585 0.404197 2034 1.78777
637570317 91.9222 0.566344 2315 1.86273
637635853 96.7239 0.405936 1923 1.96555
637570321 0 0 3253 0
637635857 0 0 3009 0
637570325 95.2554 0.369571 3309 1.81785
637635861 93.3486 0.421912 3488 1.94868
637570329 88.8813 0.579674 2941 2.36004
637635865 98.3511 0.236031 2911 2.70903
637570333 88.9805 0.652219 2305 1.39727
637635869 96.4958 0.420537 1912 1.85822
637570445 95.6002 0.448507 2091 1.77461
637635981 83.5929 0.843863 1926 1.4421
637570449 94.567 0.411308 3037 1.76945
637635985 92.4696 0.478521 3041 1.90815
637570453 95.8876 0.341564 3380 1.562
637635989 95.7747 0.334305 3621 1.86308
637570457 96.4834 0.329349 3128 1.75154
637635993 97.3628 0.27898 3299 1.85424
637570461 92.2131 0.571824 2196 1.63081
637635997 0 0 1974 0
637567021 0 0 3268 0
637632557 0 0 1424 0
637567025 0 0 2103 0
637599793 0 0 1983 0
637632561 0 0 1682 0
637567029 97.314 0.367438 1936 1.87327
637599797 95.7522 0.42423 2260 1.64772
637632565 97.2028 0.344726 2288 1.75625
637567033 84.0234 0.808627 2053 1.33286
637599801 96.1636 0.431547 1981 1.84868
637632569 95.7285 0.489148 1709 1.88907
637567037 95.2192 0.372314 3284 1.60535
637632573 96.176 0.51512 1386 1.61797
637567149 97.2947 0.287742 3179 1.61593
637632685 94.3288 0.619704 1393 1.53512
637567153 96.4234 0.408269 2069 1.66217
637599921 97.4133 0.361046 1933 1.99045
637632689 97.3404 0.391158 1692 2.06458
637567157 94.2116 0.521655 2004 1.54436
637599925 96.495 0.382556 2311 1.76956
637632693 96.4744 0.394638 2184 1.79065
637567161 92.4674 0.579931 2071 1.67645
637599929 95.3807 0.472917 1970 1.68847
637632697 97.7884 0.359541 1673 1.89659
637567165 96.1135 0.339441 3242 1.71222
637632701 95.4608 0.545909 1454 1.92172
637567277 97.073 0.302308 3109 1.94598
637632813 90.6694 0.756313 1479 2.11141
637567281 97.3666 0.416085 1481 1.45122
637600049 94.9316 0.493831 1973 1.64726
637632817 97.4892 0.460357 1155 1.69334
637567285 88.4068 0.853791 1406 2.29915
637600053 97.7336 0.320084 2162 2.64718
637632821 91.1076 0.65681 1878 2.27319
637567289 97.3647 0.347485 2125 1.82892
637600057 96.943 0.391857 1930 2.0258
637632825 92.3032 0.641196 1728 1.81902
637567293 95.0348 0.370149 3444 1.52179
637632829 32.626 1.20733 1508 1.92135
637567405 0 0 2923 0
637632941 0 0 1457 0
637567409 87.5805 0.707336 2174 1.40897
637600177 95.5289 0.482586 1834 1.81517
637632945 97.4048 0.38181 1734 2.16985
637567413 96.0401 0.448102 1894 1.66765
637600181 95.5353 0.429985 2307 1.62796
637632949 33.4076 0.995467 2245 1.75978
637567417 94.2838 0.602028 1487 1.57336
637600185 97.2832 0.371602 1914 2.28642
637632953 98.4114 0.36155 1196 2.36603
637567421 94.9403 0.388542 3182 1.65325
637632957 97.2754 0.441776 1358 1.83001
637567533 90.9204 0.507515 3205 1.47992
637633069 96.2042 0.488863 1528 1.9604
637567537 94.4114 0.49163 2183 1.53611
637600305 95.9711 0.446902 1936 1.70603
637633073 95.9572 0.48025 1682 1.78667
637567541 93.861 0.54069 1971 1.479
637600309 95.4566 0.446132 2179 1.68423
637633077 51.1141 1.06598 2199 1.54933
637567545 97.2555 0.364956 2004 1.80109
637600313 97.1208 0.379167 1945 1.8263
637633081 94.8007 0.533617 1731 1.88667
637567549 0 0 3153 0
637633085 0 0 1494 0
637567661 0 0 2220 0
637633197 0 0 1136 0
637567665 77.7043 0.904633 2117 1.42137
637600433 80.6569 0.901902 1918 1.50107
637633201 87.7872 0.805111 1654 1.50766
637567669 0 0 2014 0
637600437 0 0 2224 0
637633205 0 0 2233 0
637567673 96.6927 0.38327 2177 1.70722
637600441 96.3609 0.418101 2006 1.96488
637633209 94.7557 0.544192 1678 1.79198
637567677 95.6913 0.357503 3226 1.64605
637633213 94.6595 0.580919 1498 1.69181
637567789 97.5099 0.271544 3293 1.88683
637633325 81.6422 1.00026 1498 1.56731
637567793 72.4237 0.976142 2096 1.24807
637600561 77.6652 0.961585 1876 1.30105
637633329 71.1202 1.09468 1714 1.51099
637567797 0 0 2032 0
637600565 0 0 2265 0
637633333 0 0 2267 0
637567801 96.469 0.392686 2209 1.54789
637600569 95.7091 0.463578 1911 1.75495
637633337 96.1473 0.56316 1168 1.85452
637567805 95.7981 0.355284 3189 1.60268
637633341 97.137 0.435398 1467 1.85742
637567917 95.6813 0.354508 3288 1.84643
637633453 95.0961 0.555915 1509 2.02868
637567921 94.3873 0.497783 2138 1.65499
637600689 96.6179 0.406145 1981 1.69359
637633457 96.7242 0.434408 1679 1.82868
637567925 96.3206 0.422648 1984 1.69213
637600693 95.7551 0.42617 2238 2.04299
637633461 96.5843 0.385061 2225 1.91308
637567929 95.7447 0.443862 2068 1.61823
637600697 96.3617 0.426871 1924 1.80202
637633465 96.7417 0.432131 1688 1.68123
637567933 0 0 3164 0
637633469 0 0 1352 0
637568045 98.2056 0.239783 3065 2.05282
637633581 96.6102 0.471199 1475 2.15209
637568049 95.0552 0.475026 2083 1.45938
637600817 93.8453 0.55121 1901 1.74895
637633585 96.2218 0.470678 1641 1.94048
637568053 97.8478 0.332485 1905 2.61
637600821 97.7866 0.309534 2259 2.73851
637633589 97.4736 0.336331 2177 2.71715
637568057 83.2188 0.827789 2038 1.43799
637600825 94.4974 0.524523 1890 1.69573
637633593 95.3196 0.504619 1752 1.7542
637568061 95.6713 0.360423 3188 1.52344
637633597 97.0014 0.450375 1434 2.24236
637568173 97.4241 0.27741 3261 1.72543
637633709 97.6239 0.396834 1473 1.81067
637568177 96.7237 0.39365 2045 1.62418
637600945 95.8583 0.445099 2004 1.54933
637633713 96.26 0.469822 1631 1.65053
637568181 95.2904 0.484602 1911 1.58607
637600949 94.9473 0.459111 2276 1.55104
637633717 89.2942 0.672942 2111 1.62948
637568185 93.1985 0.53973 2176 1.55973
637600953 93.8129 0.54034 1988 1.62505
637633721 95.4203 0.503321 1725 1.6873
637568189 95.4059 0.371373 3178 1.78827
637633725 97.0874 0.442834 1442 2.11412
637568301 94.7857 0.384849 3337 1.64485
637633837 95.9143 0.512326 1493 2.16635
637568305 49.0177 1.09427 2087 1.18958
637601073 84.0139 0.817833 2008 1.43778
637633841 87.8003 0.822849 1582 1.33395
637568309 71.7459 1.02326 1936 1.23227
637601077 73.8926 0.953476 2122 1.34032
637633845 87.242 0.722537 2132 1.58029
637568313 94.414 0.512876 2005 1.53774
637601081 95.9868 0.460187 1819 1.60392
637633849 93.2002 0.628765 1603 1.80267
637568317 97.2055 0.293707 3149 1.67415
637633853 95.7491 0.532575 1435 1.88733
637568429 92.3345 0.473495 3157 1.51851
637633965 97.8883 0.375249 1468 2.20506
637568433 94.6289 0.498171 2048 1.61761
637601201 96.4385 0.437187 1797 1.89798
637633969 95.9159 0.485049 1665 1.782
637568437 95.4744 0.458536 2055 1.57883
637601205 94.6799 0.46676 2312 1.72563
637633973 97.0076 0.360069 2239 1.79793
637568441 95.9283 0.435125 2063 1.44444
637601209 93.4594 0.558889 1957 1.59596
637633977 78.5258 0.989286 1723 1.82666
637568445 96.7578 0.31578 3146 1.72127
637633981 96.6443 0.466538 1490 1.70316
637569069 0 0 1623 0
637601837 0 0 2012 0
637634605 0 0 1000 0
637569073 0 0 3081 0
637634609 0 0 2962 0
637569077 97.6222 0.278813 2986 2.151
637634613 97.2664 0.282611 3329 2.14144
637569081 94.1764 0.427214 3005 1.47743
637634617 97.2213 0.302565 2951 1.87013
637569085 96.8483 0.447679 1523 1.55343
637601853 81.3975 0.845528 2118 1.93038
637634621 97.7889 0.466158 995 1.73071
637569197 97.3377 0.410215 1540 1.84238
637601965 94.9724 0.489964 1989 2.15315
637634733 96.7044 0.5729 971 2.0356
637569201 96.993 0.312165 2993 1.55047
637634737 94.6972 0.414482 2923 1.6608
637569205 95.4637 0.381464 2976 1.66856
637634741 95.6576 0.360231 3201 1.79972
637569209 96.1526 0.350286 3015 2.08741
637634745 92.862 0.475796 2928 1.66342
637569213 96.504 0.47175 1516 1.77049
637601981 95.8617 0.439472 2054 1.76587
637634749 97.0307 0.525333 1044 1.92784
637569325 95.269 0.540469 1543 1.55602
637602093 88.3359 0.730849 1929 1.95243
637634861 97.6504 0.464372 1064 1.93171
637569329 94.4489 0.457585 2504 1.48326
637634865 95.9608 0.397669 2451 1.62737
637569333 97.1142 0.335148 2495 1.97503
637634869 89.3204 0.575116 2884 1.54009
637569337 0 0 3124 0
637634873 0 0 2954 0
637569341 80.8273 1.00872 1523 1.56237
637602109 97.0068 0.362881 2205 1.90401
637634877 94.2883 0.698753 1103 1.94586
637569453 0 0 1357 0
637602221 0 0 1821 0
637634989 0 0 1044 0
637569457 0 0 3138 0
637634993 95.9756 0.372543 2783 2.28491
637569461 0 0 3015 0
637634997 0 0 3297 0
637569465 94.7156 0.449335 2479 1.42463
637635001 95.2903 0.426863 2463 1.46018
637569469 0 0 1498 0
637602237 0.916031 0.214919 1965 1.15789
637635005 0 0 930 0
637569581 95.7738 0.501558 1609 1.57479
637602349 96.7492 0.402847 1938 1.90957
637635117 96.4896 0.566892 1054 1.89461
637569585 95.9583 0.349944 3167 1.59757
637635121 96.7709 0.327638 2911 1.8139
637569589 97.6337 0.281473 2916 2.14762
637635125 96.6231 0.322405 3139 2.06176
637569593 94.9828 0.404675 2910 1.57827
637635129 0 0 2938 0
637569597 93.2086 0.66233 1443 1.52813
637602365 96.0591 0.431835 2030 1.73847
637635133 96.06 0.595853 1066 1.86411
637569709 96.7326 0.521313 1163 1.62182
637602477 94.9442 0.597402 1345 1.84086
637635245 97.5919 0.545766 789 1.75595
637569713 95.0421 0.390758 3086 1.58986
637635249 94.6082 0.428206 2782 1.73917
637569717 93.1955 0.459919 2998 1.95304
637635253 95.9499 0.353433 3111 1.54209
637569721 95.2945 0.378862 3124 1.62599
637635257 96.0633 0.356716 2972 1.83656
637569725 96.7413 0.46262 1473 1.74921
637602493 95.7711 0.44888 2010 1.71827
637635261 90.0786 0.936966 1018 1.69692
637569837 96.9546 0.428377 1609 1.59456
637602605 97.4975 0.346001 2038 1.64611
637635373 96.682 0.543744 1085 1.69459
637569841 0 0 3070 0
637635377 0 0 2859 0
637569845 97.1391 0.300574 3076 1.86131
637635381 91.127 0.50173 3212 1.75709
637569849 94.4358 0.405288 3199 1.57476
637635385 96.9185 0.355058 2369 1.83703
637569853 94.8718 0.558456 1560 1.45899
637602621 97.0005 0.384599 1967 1.73548
637635389 96.4386 0.567353 1067 1.67462
637569965 95.655 0.519167 1542 1.54236
637602733 95.155 0.472614 2064 1.74453
637635501 96.5704 0.546731 1108 1.81783
637569969 92.7144 0.466644 3102 1.6513
637635505 96.7708 0.329398 2880 1.93886
637569973 0 0 3043 0
637635509 0 0 3198 0
637569977 91.8428 0.497411 3028 1.74436
637635513 84.1567 0.685911 2834 1.73718
637569981 95.9522 0.507667 1507 1.59842
637602749 82.8557 0.852627 1954 1.30135
637635517 97.5558 0.503386 941 1.7064
637570093 97.4342 0.410858 1481 1.75462
637602861 97.341 0.367353 1918 1.76228
637635629 95.6689 0.631504 1039 1.72118
637570097 95.6117 0.373478 3008 1.57999
637635633 95.4906 0.394132 2772 1.65437
637570101 97.0078 0.314159 2941 2.64735
637635637 97.2074 0.291852 3187 2.9127
637570105 86.1518 0.637132 2939 1.73092
637635641 97.1327 0.313984 2825 2.09139
637570109 94.8684 0.565932 1520 1.50842
637602877 96.6803 0.404868 1958 1.6323
637635645 97.4409 0.495409 1016 1.72259
637570221 97.0941 0.422177 1583 1.65385
637602989 94.9261 0.487097 2030 1.90819
637635757 97.8947 0.444094 1045 1.93149
637570225 95.0658 0.392811 3040 1.7601
637635761 97.3496 0.303996 2792 2.06947
637570229 95.3271 0.39267 2889 1.60165
637635765 92.2755 0.478969 3107 1.87365
637570233 94.7152 0.397998 3160 1.66226
637635769 95.3979 0.38976 2890 1.73992
637570237 96.3464 0.488023 1478 1.57812
637603005 96.5976 0.402568 2028 1.61958
637635773 88.3104 1.007 1018 1.78324
637570349 97.7085 0.377521 1571 1.53041
637603117 96.4182 0.408851 2066 1.79227
637635885 96.5836 0.551981 1083 1.74478
637570353 95.9052 0.364549 2955 1.64786
637635889 95.6974 0.384231 2789 1.81602
637570357 93.7722 0.455879 2810 1.60794
637635893 91.7799 0.49412 3090 1.70466
637570361 97.1821 0.306766 2910 1.82547
637635897 89.3508 0.589079 2742 1.70273
637570365 96.8729 0.453803 1471 1.54338
637603133 95.7339 0.455435 1969 1.63716
637635901 95.9302 0.615067 1032 1.7372
637570477 95.5823 0.531631 1494 1.52635
637603245 96.1421 0.433908 1970 1.69319
637636013 97.1537 0.512212 1054 1.75484
637570481 92.093 0.491853 3010 1.68268
637636017 82.5315 0.730458 2702 1.52547
637570485 95.1964 0.385256 3081 1.70778
637636021 94.8198 0.385746 3301 1.70183
637570489 0 0 3058 0
637636025 94.1115 0.438126 2887 1.6095
637570493 97.2906 0.40288 1624 1.85466
637603261 96.5259 0.423355 1871 1.86722
637636029 89.1892 0.94795 1073 1.48685
637567053 97.236 0.436434 1411 1.60931
637632589 97.1452 0.475614 1226 1.7697
637567057 96.5517 0.505098 1305 1.6493
637632593 80.8255 1.15437 1163 1.39255
637567061 96.5545 0.516304 1248 1.495
637632597 96.6667 0.494073 1320 1.59414
637567065 90.0398 0.845334 1255 1.61562
637632601 97.0641 0.503524 1124 1.79218
637567069 0 0 1332 0
637632605 0 0 1295 0
637567181 93.1315 0.687339 1354 1.40386
637632717 93.0112 0.748905 1159 1.51944
637567185 0 0 1299 0
637632721 0 0 1086 0
637567189 96.7383 0.501021 1257 1.53435
637632725 74.3254 1.21297 1297 1.45032
637567193 96.8254 0.493917 1260 1.47516
637632729 96.1981 0.568663 1131 1.5834
637567197 96.735 0.489711 1317 1.68496
637632733 94.9573 0.639741 1170 1.4345
637567309 95.4115 0.564677 1373 1.49062
637632845 96.0282 0.580197 1133 1.47083
637567313 0 0 1028 0
637632849 0 0 867 0
637567317 97.4271 0.463663 1166 1.84774
637632853 59.542 1.35606 1310 1.53271
637567321 95.928 0.553074 1277 1.49698
637632857 95.1613 0.660959 1054 1.63968
637567325 96.8158 0.483451 1319 1.47139
637632861 96.1872 0.56374 1154 1.40242
637567437 97.1765 0.463897 1275 1.5466
637632973 92.9969 0.818973 971 1.62648
637567441 0 0 1293 0
637632977 0 0 1041 0
637567445 0 0 1287 0
637632981 0 0 1395 0
637567449 95.8534 0.619098 1037 1.37083
637632985 95.7882 0.696769 831 1.58015
637567453 84.6457 1.01162 1270 1.26591
637632989 98.2803 0.381214 1163 1.74572
637567565 84.2628 1.0065 1309 1.22048
637633101 95.8939 0.580366 1169 1.59124
637567569 0 0 1226 0
637633105 0 0 1077 0
637567573 0 0 1228 0
637633109 0 0 1299 0
637567577 94.2053 0.672233 1208 1.3951
637633113 98.492 0.374149 1061 2.33531
637567581 96.092 0.536436 1305 1.63092
637633117 94.4868 0.664705 1179 1.67563
637567693 0 0 1310 0
637633229 0 0 1182 0
637567697 0 0 1305 0
637633233 0 0 1039 0
637567701 0 0 1218 0
637633237 0 0 1289 0
637567705 97.383 0.449556 1261 1.63094
637633241 87.0528 0.979817 1174 1.70035
637567709 0 0 1306 0
637633245 0 0 1140 0
637567821 77.8993 1.1206 1371 1.66802
637633357 78.2573 1.17712 1228 1.52336
637567825 95.3506 0.58129 1312 1.56955
637633361 95.4457 0.649004 1032 1.57709
637567829 96.3623 0.510134 1347 1.69348
637633365 95.5128 0.586017 1248 1.69815
637567833 95.9752 0.546788 1292 1.53254
637633369 95.9817 0.593481 1095 1.52094
637567837 97.541 0.422764 1342 1.55563
637633373 96.1027 0.575971 1129 1.7197
637567949 84.6578 1.01089 1271 1.28618
637633485 97.3333 0.465076 1200 1.76983
637567953 95.3175 0.595171 1260 1.47034
637633489 95.2132 0.629811 1149 1.6414
637567957 0 0 1309 0
637633493 0 0 1407 0
637567961 96.5992 0.515756 1235 1.95407
637633497 86.2312 1.02368 1133 1.65838
637567965 97.1362 0.464012 1292 1.79155
637633501 94.5804 0.669377 1144 1.66888
637568077 97.3396 0.450146 1278 1.78764
637633613 97.4619 0.457468 1182 2.11426
637568081 0 0 1228 0
637633617 0 0 1064 0
637568085 97.8687 0.421691 1173 2.80403
637633621 97.9545 0.389601 1320 2.74397
637568089 97.3549 0.46874 1172 1.68595
637633625 66.4751 1.46104 1044 1.69333
637568093 0 0 1286 0
637633629 0 0 1160 0
637568205 0 0 1362 0
637633741 0 0 1189 0
637568209 0 0 1226 0
637633745 0 0 1159 0
637568213 92.7869 0.74067 1220 1.61984
637633749 78.9157 1.11934 1328 1.54506
637568217 93.5121 0.724447 1156 1.64692
637633753 94.3662 0.731334 994 1.73042
637568221 94.3323 0.644282 1288 1.49172
637633757 94.3286 0.66797 1199 1.60432
637568333 0 0 1280 0
637633869 0 0 1280 0
637568337 0 0 1180 0
637633873 0 0 1110 0
637568341 0 0 1140 0
637633877 0 0 1211 0
637568345 90.8784 0.83674 1184 1.48726
637633881 94.5892 0.716122 998 1.72019
637568349 0 0 1120 0
637633885 0 0 1115 0
637568461 98.0831 0.387524 1252 2.22409
637633997 98.6278 0.340691 1166 2.59462
637568465 93.3607 0.712795 1220 1.39444
637634001 96.2227 0.60108 1006 1.55486
637568469 0 0 1266 0
637634005 0 0 1375 0
637568473 94.4667 0.647437 1247 1.3774
637634009 96.3483 0.573962 1068 1.78608
637568477 0 0 1334 0
637634013 0 0 1144 0
637571149 95.7075 0.571465 1258 1.60742
637636685 97.5976 0.484462 999 1.75106
637571153 95.7326 0.539039 1406 1.38611
637636689 92.603 0.800857 1068 1.64255
637571157 95.9429 0.540786 1331 1.67044
637636693 97.5674 0.395024 1521 1.76983
637571161 96.9095 0.469449 1359 1.49262
637636697 97.1377 0.498686 1118 1.90488
637571165 96.0271 0.567886 1183 1.62841
637636701 95.9662 0.60261 1066 2.05754
637571277 89.8481 0.853884 1251 1.38467
637636813 96.7615 0.554542 1019 1.44919
637571281 0 0 1365 0
637636817 0 0 1149 0
637571285 0 0 1275 0
637636821 0 0 1393 0
637571289 85.7634 0.916372 1454 1.31203
637636825 60.0551 1.4842 1089 1.20668
637571293 95.393 0.63008 1107 1.42734
637636829 97.8637 0.461177 983 1.62913
637571405 0 0 1225 0
637636941 0 0 1020 0
637571409 0 0 1183 0
637636945 0 0 961 0
637571413 97.3479 0.448761 1282 1.55209
637636949 96.9438 0.458881 1407 1.77094
637571417 97.3629 0.422109 1441 1.57668
637636953 95.6072 0.601448 1161 1.60587
637571421 92.069 0.793401 1160 1.57895
637636957 98.1163 0.389062 1221 2.15681
637571533 97.4922 0.437733 1276 1.83718
637637069 98.4466 0.385321 1030 1.985
637571537 0 0 1395 0
637637073 0 0 1196 0
637571541 0 0 1359 0
637637077 0 0 1451 0
637571545 95.7768 0.552307 1326 1.30061
637637081 96.9248 0.582646 878 1.61083
637571549 96.4643 0.512018 1301 1.42687
637637085 96.3726 0.585433 1020 1.53991
637571661 95.2494 0.598554 1263 1.61045
637637197 97.4063 0.492634 1041 1.85222
637571665 0 0 1413 0
637637201 0 0 1132 0
637571669 0 0 1276 0
637637205 0 0 1434 0
637571673 96.2801 0.511112 1371 1.53724
637637209 98.2833 0.380565 1165 1.7931
637571677 95.8238 0.551229 1317 1.55312
637637213 96.3588 0.558212 1126 1.7474
637571789 0 0 1276 0
637637325 0 0 947 0
637571793 0 0 1430 0
637637329 0 0 1113 0
637571797 0 0 1338 0
637637333 0 0 1394 0
637571801 95.7322 0.548306 1359 1.48716
637637337 89.4046 0.910765 1142 1.68567
637571805 96.2279 0.528615 1299 1.50969
637637341 97.2407 0.505266 1051 1.56193
637571917 91.4134 0.772304 1316 1.94413
637637453 96.5388 0.55908 1069 2.3294
637571921 94.7902 0.597778 1382 1.41403
637637457 96.5074 0.5566 1088 1.7283
637571925 96.9766 0.470765 1323 1.7733
637637461 96.9759 0.448947 1455 2.06535
637571929 0 0 1376 0
637637465 0 0 1140 0
637571933 95.743 0.561659 1292 1.60872
637637469 96.9605 0.546438 987 2.01652
637572045 0 0 1397 0
637637581 0 0 966 0
637572049 85.4453 0.948961 1381 1.30667
637637585 97.084 0.492737 1166 1.62453
637572053 0 0 1374 0
637637589 0 0 1418 0
637572057 0 0 1417 0
637637593 0 0 1173 0
637572061 97.1809 0.463181 1277 1.75869
637637597 97.8644 0.440515 1077 1.76299
637572173 94.0035 0.70504 1134 1.69863
637637709 93.4893 0.786896 983 1.9381
637572177 0 0 587 0
637637713 0 0 554 0
637572181 97.4105 0.438306 1313 2.80688
637637717 98.1431 0.354036 1454 2.76244
637572185 83.2349 1.01519 1354 1.68238
637637721 96.2148 0.566209 1136 1.71795
637572189 95.6998 0.589055 1186 1.4756
637637725 96.8658 0.545299 1021 1.61824
637572301 0 0 1308 0
637637837 0 0 1082 0
637572305 0 0 1332 0
637637841 0 0 1164 0
637572309 95.4996 0.572564 1311 1.53571
637637845 95.21 0.57972 1357 1.75967
637572313 95.858 0.541915 1352 1.62878
637637849 94.8399 0.659847 1124 1.90244
637572317 0 0 1323 0
637637853 0 0 996 0
637572429 96.4372 0.527451 1235 1.64828
637637965 96.3928 0.590259 998 1.78329
637572433 56.3971 1.34467 1360 1.39162
637637969 86.2595 1.00265 1179 2.26655
637572437 0 0 1261 0
637637973 0 0 1363 0
637572441 95.9119 0.555202 1272 1.61565
637637977 96.0377 0.599156 1060 1.75799
637572445 93.6131 0.738596 1096 1.42834
637637981 98.6817 0.349992 1062 2.35638
637572557 97.6783 0.433641 1206 1.71357
637638093 96.4929 0.566364 1055 1.78925
637572561 0 0 1391 0
637638097 0 0 1110 0
637572565 0 0 1353 0
637638101 0 0 1471 0
637572569 95.7494 0.550905 1341 1.56796
637638105 92.735 0.758832 1170 1.65481
637572573 0 0 1268 0
637638109 0 0 1025 0
637567085 100 0 7 1.71429
637632621 100 0 9 1.3
637567089 0 0 533 0
637632625 0 0 776 0
637567093 0 0 671 0
637632629 0 0 805 0
637567097 83.4091 1.77344 440 1.34783
637632633 51.3924 1.77823 790 1.2303
637567101 90.9091 8.66784 11 1.16667
637632637 100 0 10 1.58333
637567213 96.7742 3.17335 31 1.33333
637632749 100 0 5 1.4
637567217 0 0 498 0
637632753 0 0 817 0
637567221 97.2896 0.613327 701 1.5642
637632757 85.6135 1.31803 709 1.70014
637567225 96.0954 0.902167 461 1.41865
637632761 95.0678 0.760372 811 1.69104
637567229 96.2963 3.63447 27 1.68966
637632765 85.7143 13.226 7 2
637567341 97.2973 1.33296 148 1.86441
637632877 81.9389 1.40191 753 1.60888
637567345 0 0 478 0
637632881 0 0 691 0
637567349 97.017 0.641152 704 1.64202
637632885 95.9384 0.738749 714 1.59278
637567353 96.1693 0.861814 496 1.44106
637632889 96.343 0.666555 793 1.57629
637567357 88.0342 3.00057 117 1.82222
637632893 90.2367 1.14161 676 1.43594
637567469 0 0 42 0
637633005 0 0 448 0
637567473 0 0 214 0
637633009 0 0 638 0
637567477 96.5358 0.878824 433 1.40889
637633013 96.6527 0.822695 478 1.55159
637567481 0 0 220 0
637633017 0 0 438 0
637567485 98 1.9799 50 1.38596
637633021 95.2632 1.08972 380 1.36247
637567597 96.9555 0.831438 427 1.64301
637633133 97.8818 0.480768 897 1.85956
637567601 82.8902 1.28046 865 1.26356
637633137 74.8025 1.2864 1139 1.38138
637567605 95.3328 0.620133 1157 1.41805
637633141 94.0016 0.680673 1217 1.45674
637567609 95.4118 0.717653 850 1.48455
637633145 95.7826 0.615298 1067 1.54836
637567613 93.0175 1.27267 401 1.38976
637633149 95.0174 0.74067 863 1.77814
637567725 96.5625 1.01848 320 1.46552
637633261 89.8551 2.09851 207 1.9083
637567729 92.7552 0.858861 911 1.60106
637633265 89.3926 0.900632 1169 1.83863
637567733 96.4401 0.527032 1236 1.52628
637633269 95.6044 0.574333 1274 1.59117
637567737 93.5551 0.791689 962 1.73214
637633273 98.1528 0.390168 1191 2
637567741 92.4528 1.3714 371 1.52685
637633277 94.9309 1.48916 217 1.86364
637567853 0 0 18 0
637633389 0 0 5 0
637567857 96.822 0.57092 944 1.61241
637633393 95.5224 0.612793 1139 1.60702
637567861 0 0 1271 0
637633397 0 0 1294 0
637567865 98.0871 0.446532 941 2.14457
637633401 92.7273 0.746551 1210 1.9767
637567869 86.6667 8.77707 15 2
637633405 100 0 1 2
637567981 79.5597 2.26139 318 1.26441
637633517 93.2836 2.16232 134 1.60938
637567985 95.2174 0.703553 920 1.436
637633521 95.6628 0.582691 1222 1.6637
637567989 96.915 0.47431 1329 1.70752
637633525 91.7606 0.72968 1420 1.88734
637567993 95.7637 0.672511 897 1.59531
637633529 95.0997 0.622141 1204 1.67188
637567997 95.8084 1.09653 334 1.58886
637633533 96.0784 1.56927 153 2.07339
637568109 95.4907 1.06872 377 1.47126
637633645 94.4779 0.723748 996 1.58605
637568113 95.1128 0.763218 798 1.57057
637633649 95.1244 0.679326 1005 1.71244
637568117 96.2127 0.541868 1241 2.10938
637633653 93.4041 0.683436 1319 2.22578
637568121 96.7136 0.610778 852 1.67249
637633657 94.9288 0.654441 1124 1.71834
637568125 95.99 0.982201 399 1.56452
637633661 96.1847 0.606996 996 1.71737
637568237 95.6113 1.14691 319 1.44414
637633773 97.0612 0.482545 1225 1.70157
637568241 86.6176 1.30561 680 1.56364
637633777 94.4444 0.708927 1044 1.57324
637568245 96.1508 0.539195 1273 1.51489
637633781 95.2055 0.589394 1314 1.58584
637568249 0 0 868 0
637633785 0 0 1178 0
637568253 85.1515 1.9574 330 1.46369
637633789 96.3311 0.549148 1172 1.72585
637568365 95.7265 1.07958 351 1.41798
637633901 96.929 0.534483 1042 1.6831
637568369 95.3567 0.70812 883 1.60168
637633905 93.9967 0.681215 1216 1.59498
637568373 87.3836 0.96618 1181 1.47509
637633909 94.6075 0.636066 1261 1.56612
637568377 92.9577 0.876554 852 1.45383
637633913 97.0796 0.50089 1130 1.68347
637568381 97.3607 0.868078 341 1.81862
637633917 83.1756 1.21305 951 1.65213
637568493 92.3077 2.33709 130 1.47742
637634029 97.3109 0.663168 595 1.61054
637568497 0 0 468 0
637634033 0 0 578 0
637568501 96.831 0.735013 568 2.35826
637634037 90.9091 1.16877 605 1.6693
637568505 94.9474 1.00497 475 1.36398
637634041 95.1907 0.871322 603 1.49926
637568509 96.9697 1.49202 132 1.44048
637634045 85.4098 1.42929 610 1.45623
637571181 100 0 5 1.4
637636717 100 0 2 2
637571185 0 0 903 0
637636721 0 0 1183 0
637571189 96.8379 0.491997 1265 1.66125
637636725 95.949 0.539991 1333 1.69958
637571193 95.5723 0.676001 926 1.66667
637636729 92.9266 0.762347 1131 1.67471
637571197 0 0 21 0
637636733 100 0 6 1.33333
637571309 91.092 1.52701 348 1.51541
637636845 96.7033 1.3235 182 2.22477
637571313 0 0 945 0
637636849 0 0 1108 0
637571317 82.5203 1.08292 1230 1.62021
637636853 91.2945 0.775655 1321 1.79774
637571321 96.5957 0.591461 940 1.52448
637636857 94.7144 0.65329 1173 1.56952
637571325 93.7669 1.25853 369 1.47581
637636861 95.977 1.48965 174 1.72477
637571437 97.4359 0.800377 390 1.65612
637636973 97.1831 0.544604 923 1.72727
637571441 0 0 590 0
637636977 0 0 1044 0
637571445 95.8144 0.604083 1099 1.45734
637636981 94.4179 0.648304 1254 1.62406
637571449 95.6386 0.658135 963 1.38778
637636985 95.7672 0.597883 1134 1.54849
637571453 95.4976 1.00939 422 1.53333
637636989 96.6254 0.605626 889 1.71125
637571565 0 0 269 0
637637101 0 0 738 0
637571569 0 0 603 0
637637105 0 0 796 0
637571573 96.3812 0.648638 829 1.45096
637637109 96.5971 0.600682 911 1.46216
637571577 0 0 560 0
637637113 0 0 702 0
637571581 97.2789 0.948871 294 1.48011
637637117 96.4888 0.689808 712 1.63268
637571693 0 0 223 0
637637229 0 0 692 0
637571697 86.1742 1.50216 528 1.21663
637637233 0.722892 0.294051 830 2.17647
637571701 95.4545 0.77307 726 1.49047
637637237 96.1995 0.658945 842 1.42049
637571705 96.2264 0.827725 530 1.55
637637241 93.5644 0.863268 808 1.72792
637571709 94.9367 1.42416 237 1.54511
637637245 98.2432 0.482938 740 1.72208
637571821 100 0 25 1.73077
637637357 100 0 7 1.33333
637571825 97.8984 0.600264 571 1.57323
637637361 94.7236 0.792393 796 1.68267
637571829 95.1219 0.771782 779 1.64785
637637365 94.9352 0.752558 849 1.5585
637571833 98.1785 0.570737 549 1.52034
637637369 96.94 0.602559 817 1.65724
637571837 88.4615 6.26563 26 1.39286
637637373 100 0 9 1.3
637571949 0 0 13 0
637637485 0 0 5 0
637571953 94.717 0.971666 530 1.43271
637637489 95.7031 0.731743 768 1.56242
637571957 0 0 812 0
637637493 0 0 835 0
637571961 93.3464 1.10247 511 1.37201
637637497 95.6109 0.705549 843 1.68816
637571965 93.75 6.05154 16 1.70588
637637501 87.5 11.6927 8 2.1
637572077 96.0526 1.28956 228 1.51661
637637613 95.2012 0.840949 646 1.56503
637572081 92.7451 1.14862 510 1.29112
637637617 94.7839 0.858379 671 1.83914
637572085 96.467 0.723556 651 1.5258
637637621 96.0177 0.750979 678 1.57161
637572089 96.223 0.80849 556 1.49085
637637625 96.1722 0.766237 627 1.47633
637572093 0 0 205 0
637637629 0 0 536 0
637572333 93.401 1.25074 394 1.44045
637637869 97.3018 0.470491 1186 1.74406
637572337 0 0 867 0
637637873 0 0 1308 0
637572341 96.5652 0.508848 1281 1.57048
637637877 87.037 0.933043 1296 1.65473
637572345 96.9697 0.554121 957 1.47911
637637881 94.8361 0.633574 1220 1.62039
637572349 97.7041 0.756469 392 1.65546
637637885 82.6737 1.12242 1137 1.71289
637572589 96.9595 0.997986 296 1.42151
637638125 97.619 1.35818 126 2.25824
637572593 0.115473 0.115407 866 1
637638129 95.7168 0.598641 1144 1.70192
637572597 96.9559 0.473938 1314 1.57235
637638133 95.4649 0.572055 1323 2.02908
637572601 94.6331 0.745845 913 1.41401
637638137 96.8254 0.520634 1134 1.74579
637572605 98.2906 0.69187 351 1.677
637638141 95.9302 1.5066 172 1.87712
637575661 0 0 307 0
637641197 0 0 700 0
637575665 95.9072 0.731783 733 1.46806
637641201 96.7195 0.599106 884 1.44574
637575669 96.3776 0.619051 911 1.66996
637641205 93.8632 0.761248 994 1.77908
637575673 0 0 677 0
637641209 0 0 780 0
637575677 98.0645 0.782474 310 1.54381
637641213 96.0756 0.740287 688 1.48335
637579757 0 0 38 0
637645293 0 0 250 0
637579761 96.4029 1.57948 139 1.26943
637645297 91.4956 1.51058 341 1.32283
637579765 98.0843 0.848486 261 1.43202
637645301 91.1439 1.72584 271 1.6006
637579769 0 0 116 0
637645305 0 0 325 0
637579773 93.6508 3.07217 63 1.5914
637645309 98.1752 0.808603 274 1.66563
