637566989 95.9175 0.405965 2376 1.66743
637632525 96.611 0.406953 1977 1.92234
637566993 96.9405 0.270512 4053 1.72003
637632529 96.905 0.286616 3651 2.10128
637566997 95.0879 0.324417 4438 1.90073
637632533 98.6316 0.167287 4823 2.83949
637567001 98.2754 0.20148 4175 2.4021
637632537 93.6242 0.447563 2980 1.85451
637567005 98.9621 0.202495 2505 2.62635
637632541 99.5513 0.149216 2006 2.91204
637567117 94.8707 0.446854 2437 1.74852
637632653 97.7865 0.326293 2033 2.04226
637567121 0 0 4081 0
637632657 0 0 3596 0
637567125 0 0 4198 0
637632661 0 0 4631 0
637567129 95.5664 0.321274 4105 1.86658
637632665 95.3142 0.350862 3628 2.1381
637567133 95.9825 0.391644 2514 1.62826
637632669 95.9479 0.43307 2073 1.80734
637567245 96.2762 0.387308 2390 1.83724
637632781 97.4001 0.349172 2077 2.13522
637567249 0 0 3316 0
637632785 0 0 2888 0
637567253 94.6802 0.382646 3440 1.82798
637632789 95.343 0.317593 4402 1.89156
637567257 95.3253 0.331995 4043 1.68637
637632793 96.9944 0.286164 3560 2.08092
637567261 95.8143 0.390649 2628 1.58719
637632797 97.506 0.341516 2085 2.02892
637567373 94.4491 0.469542 2378 1.68542
637632909 97.3738 0.362875 1942 2.04411
637567377 96.178 0.292686 4291 2.01061
637632913 96.2831 0.312739 3659 2.18589
637567381 96.0122 0.311851 3937 1.71154
637632917 95.0413 0.312044 4840 1.80159
637567385 93.4282 0.431213 3302 1.62908
637632921 96.6067 0.333521 2947 1.80466
637567389 96.9257 0.356696 2342 1.65192
637632925 98.1019 0.304977 2002 2.01499
637567501 95.1367 0.431237 2488 1.72998
637633037 98.1544 0.296613 2059 2.37556
637567505 96.5485 0.277833 4317 1.83516
637633041 95.8708 0.323701 3778 2.00514
637567509 0 0 4402 0
637633045 0 0 4833 0
637567513 97.5219 0.242312 4116 1.9497
637633049 95.3882 0.335726 3903 1.93182
637567517 0 0 0 0
637633053 0 0 0 0
637567629 95.4243 0.426178 2404 1.81532
637633165 97.4247 0.349162 2058 2.03108
637567633 95.9248 0.307026 4147 1.82729
637633169 97.59 0.24957 3776 2.09814
637567637 96.8156 0.265764 4365 2.01805
637633173 96.3141 0.272664 4775 2.1486
637567641 95.6929 0.310611 4272 1.78808
637633177 89.7746 0.496359 3726 2.04537
637567645 96.8479 0.346816 2538 1.74185
637633181 92.7741 0.582017 1979 1.84295
637567757 0 0 2426 0
637633293 0 0 2193 0
637567761 96.7536 0.272823 4220 1.78347
637633297 97.9887 0.229893 3729 1.95065
637567765 97.0524 0.249922 4580 1.9279
637633301 95.3008 0.305834 4788 1.9909
637567769 0 0 3945 0
637633305 0 0 3701 0
637567773 0 0 2556 0
637633309 0 0 2189 0
637567885 95.1209 0.436214 2439 1.65376
637633421 95.3975 0.479206 1912 1.88786
637567889 0 0 4193 0
637633425 0 0 3713 0
637567893 92.7794 0.393748 4321 1.74365
637633429 94.0146 0.342571 4795 1.8343
637567897 96.4925 0.290155 4020 2.26126
637633433 90.6504 0.479257 3690 1.73109
637567901 94.4382 0.543215 1780 1.59058
637633437 96.9697 0.439972 1518 2.16196
637568013 97.7359 0.304604 2385 1.83726
637633549 98.5401 0.273865 1918 2.34902
637568017 96.299 0.291722 4188 1.8302
637633553 95.8021 0.334376 3597 2.03142
637568021 11.2395 0.475463 4413 1.50336
637633557 6.81572 0.371294 4607 1.86275
637568025 96.299 0.294583 4107 1.74123
637633561 96.0695 0.327945 3511 2.00959
637568029 89.0136 0.626191 2494 1.91179
637633565 98.4478 0.2681 2126 2.57715
637568141 95.6196 0.406564 2534 1.65505
637633677 97.4522 0.348782 2041 2.74902
637568145 0 0 4225 0
637633681 0 0 3671 0
637568149 0 0 4283 0
637633685 0 0 4637 0
637568153 96.2169 0.296161 4150 1.70198
637633689 96.7993 0.293649 3593 1.88303
637568157 94.8445 0.456442 2347 1.71933
637633693 95.9087 0.432061 2102 2.08942
637568269 77.4938 0.847889 2426 1.80642
637633805 97.9661 0.31063 2065 2.06529
637568273 0 0 4168 0
637633809 0 0 3671 0
637568277 95.5186 0.314454 4329 2.0517
637633813 93.5244 0.358585 4710 2.02816
637568281 95.3238 0.333864 3999 1.86713
637633817 96.4763 0.310815 3519 2.10452
637568285 94.9499 0.438391 2495 2.12866
637633821 97.9706 0.317608 1971 2.56265
637568397 96.1356 0.382742 2536 1.79033
637633933 97.3188 0.359945 2014 2.19194
637568401 93.816 0.381893 3978 1.65329
637633937 96.8094 0.297965 3479 2.13002
637568405 94.8575 0.336148 4317 1.79755
637633941 74.4995 0.619823 4945 1.47814
637568409 83.3293 0.580174 4127 1.65675
637633945 97.0325 0.283923 3572 2.05083
637568413 0 0 2543 0
637633949 97.0588 0.380474 1972 2.24939
637569037 94.3907 0.452572 2585 1.5956
637634573 98.1639 0.284105 2233 1.82355
637569041 96.7975 0.293809 3591 1.8217
637634577 98.1451 0.222842 3666 1.92799
637569045 83.8273 0.588537 3914 1.40407
637634581 76.9033 0.645037 4269 1.397
637569049 83.7557 0.602421 3749 1.76115
637634585 97.4762 0.275173 3249 1.873
637569053 85.6379 0.662061 2806 1.41195
637634589 0 0 2221 0
637569165 95.4023 0.409949 2610 1.79864
637634701 98.5786 0.253464 2181 2.19825
637569169 0 0 3676 0
637634705 0 0 3786 0
637569173 0 0 3744 0
637634709 0 0 4091 0
637569177 80.1368 0.64713 3801 1.43093
637634713 91.6352 0.454785 3706 1.57774
637569181 78.0597 0.799406 2680 1.35982
637634717 98.4362 0.255073 2366 1.93472
637569293 96.2617 0.382392 2461 1.78002
637634829 98.311 0.268169 2309 2.15331
637569297 0 0 2955 0
637634833 0 0 3038 0
637569301 0 0 3115 0
637634837 0 0 3772 0
637569305 76.2338 0.706773 3627 1.35143
637634841 97.7923 0.242576 3669 2.05357
637569309 96.8933 0.322344 2897 1.67765
637634845 97.8855 0.301963 2270 1.89363
637569421 85.2559 0.714541 2462 2.25534
637634957 96.2612 0.412705 2113 2.03128
637569425 0 0 3846 0
637634961 93.5991 0.403105 3687 1.67496
637569429 94.9958 0.365576 3557 1.70923
637634965 96.0375 0.298707 4265 1.7767
637569433 95.6609 0.373652 2973 1.55726
637634969 96.471 0.33509 3032 1.78379
637569437 0 0 2507 0
637634973 0 0 2188 0
637569549 95.7814 0.402912 2489 1.7054
637635085 95.5314 0.430349 2305 1.891
637569553 96.7124 0.286892 3863 1.89435
637635089 94.3219 0.37964 3716 2.06818
637569557 0 0 3871 0
637635093 0 0 4249 0
637569561 0 0 3681 0
637635097 0 0 3852 0
637569565 0 0 0 0
637635101 0 0 0 0
637569677 98.2504 0.258525 2572 2.03776
637635213 94.5767 0.475556 2268 2.15443
637569681 95.5922 0.33755 3698 1.73758
637635217 97.4565 0.253641 3853 2.01948
637569685 0 0 3853 0
637635221 0 0 4202 0
637569689 97.0643 0.274527 3781 2.10965
637635225 99.262 0.138955 3794 2.87442
637569693 96.4605 0.349382 2797 1.69772
637635229 96.4574 0.39145 2230 1.83982
637569805 97.1299 0.324463 2648 1.51842
637635341 93.2868 0.522489 2294 1.94543
637569809 96.7374 0.28934 3770 1.72071
637635345 98.2732 0.210716 3822 1.8013
637569813 99.054 0.152731 4017 2.70836
637635349 94.2897 0.354972 4273 1.93465
637569817 95.3624 0.350448 3601 1.73052
637635353 97.2959 0.262818 3809 1.77691
637569821 0 0 2650 0
637635357 0 0 2373 0
637569933 0 0 2585 0
637635469 0 0 2210 0
637569937 0 0 3757 0
637635473 0 0 3706 0
637569941 96.8386 0.281663 3859 1.8305
637635477 95.8808 0.309354 4127 1.96615
637569945 95.6986 0.340185 3557 1.95271
637635481 97.2519 0.267035 3748 2.01346
637569949 91.3295 0.676558 1730 1.89442
637635485 96.9358 0.418371 1697 1.802
637570061 0 0 2696 0
637635597 0 0 2074 0
637570065 97.0162 0.281505 3653 1.79995
637635601 97.325 0.265223 3701 2.08313
637570069 7.12258 0.413179 3875 1.31849
637635605 9.03776 0.447512 4105 1.58154
637570073 92.9891 0.420899 3680 1.4266
637635609 98.1382 0.227025 3545 1.82187
637570077 79.4484 0.785395 2647 1.2615
637635613 99.2443 0.177438 2382 2.58315
637570189 89.0339 0.603469 2681 1.44815
637635725 97.7876 0.309399 2260 1.84079
637570193 0 0 3723 0
637635729 0 0 3734 0
637570197 0 0 3782 0
637635733 0 0 4066 0
637570201 75.3743 0.704482 3740 1.29056
637635737 79.9619 0.66003 3678 1.44948
637570205 96.3238 0.372135 2557 1.59607
637635741 96.3158 0.394506 2280 1.82476
637570317 93.454 0.485346 2597 1.86424
637635853 98.2464 0.274829 2281 1.99269
637570321 0 0 3791 0
637635857 0 0 3661 0
637570325 96.3978 0.301066 3831 1.76117
637635861 94.7407 0.348314 4107 1.94115
637570329 90.9445 0.479023 3589 2.35261
637635865 98.998 0.168519 3493 2.68731
637570333 89.0776 0.612788 2591 1.40247
637635869 96.8085 0.37007 2256 1.86699
637570445 96.1946 0.378958 2549 1.72632
637635981 83.6051 0.777237 2269 1.41849
637570449 95.6254 0.350457 3406 1.7791
637635985 93.8358 0.402577 3569 1.92393
637570453 96.6588 0.291491 3801 1.55019
637635989 96.5941 0.276091 4316 1.84006
637570457 97.4449 0.258781 3718 1.70705
637635993 97.9055 0.234661 3724 1.81118
637570461 92.5802 0.506089 2682 1.64651
637635997 0.0442478 0.044238 2260 0
637567021 0 0 3805 0
637632557 0 0 1689 0
637567025 0 0 2386 0
637599793 0 0 2229 0
637632561 0 0 1951 0
637567029 97.4534 0.335944 2199 1.81902
637599797 95.8594 0.393759 2560 1.6867
637632565 98.5404 0.238194 2535 1.80802
637567033 84.2555 0.734637 2458 1.35805
637599801 97.3862 0.338692 2219 1.79376
637632569 96.6825 0.410979 1899 1.85235
637567037 96.5206 0.298662 3765 1.56011
637632573 97.335 0.396382 1651 1.65237
637567149 98.0327 0.231168 3609 1.61145
637632685 95.505 0.500612 1713 1.57641
637567153 96.3355 0.379128 2456 1.68943
637599921 98.4808 0.258556 2238 2.02896
637632689 97.8084 0.330539 1962 2.08134
637567157 96.2947 0.392081 2321 1.57079
637599925 96.5464 0.359707 2577 1.7591
637632693 97.0396 0.332338 2601 1.79112
637567161 93.4325 0.503446 2421 1.70377
637599929 96.3174 0.394336 2281 1.68298
637632697 97.6873 0.337026 1989 1.94249
637567165 97.2453 0.267669 3739 1.70206
637632701 97.6892 0.361124 1731 1.89249
637567277 98.2648 0.218455 3573 1.91599
637632813 90.3869 0.713667 1706 2.09716
637567281 97.2711 0.401215 1649 1.48365
637600049 96.1385 0.405926 2253 1.65767
637632817 98.0221 0.391638 1264 1.68592
637567285 90.8451 0.698624 1704 2.28522
637600053 99.0527 0.196584 2428 2.57354
637632821 92.2395 0.563418 2255 2.27678
637567289 97.9141 0.289021 2445 1.79435
637600057 97.6569 0.318051 2262 2.06391
637632825 93.2229 0.563169 1992 1.7772
637567293 95.4339 0.331556 3964 1.49422
637632829 31.4771 1.12441 1706 1.91356
637567405 0 0 3294 0
637632941 0 0 1594 0
637567409 87.0333 0.673086 2491 1.44513
637600177 96.6002 0.385846 2206 1.79513
637632945 97.0558 0.384187 1936 2.16683
637567413 97.1787 0.350402 2233 1.66639
637600181 96.5668 0.347972 2738 1.64476
637632949 34.0784 0.907302 2729 1.75229
637567417 95.2409 0.519265 1681 1.58299
637600185 98.5778 0.249621 2250 2.31712
637632953 98.6572 0.323485 1266 2.30795
637567421 95.1448 0.356978 3625 1.61615
637632957 98.2666 0.319084 1673 1.86541
637567533 91.8861 0.447561 3722 1.48437
637633069 97.4522 0.379166 1727 1.92541
637567537 96.9275 0.34929 2441 1.5411
637600305 97.5779 0.319729 2312 1.67648
637633073 97.2136 0.373858 1938 1.78097
637567541 94.0731 0.498466 2244 1.45907
637600309 96.7437 0.345376 2641 1.66255
637633077 54.7547 0.966884 2650 1.48592
637567545 97.5853 0.313208 2402 1.80622
637600313 98.3082 0.27577 2187 1.90872
637633081 95.7797 0.456111 1943 1.82623
637567549 0 0 3594 0
637633085 0 0 1719 0
637567661 0 0 2550 0
637633197 0 0 1329 0
637567665 78.2841 0.835386 2436 1.4627
637600433 82.0537 0.825295 2162 1.50805
637633201 90.1157 0.684335 1902 1.54359
637567669 0 0 2140 0
637600437 0 0 2601 0
637633205 0 0 2530 0
637567673 97.5538 0.317252 2371 1.72211
637600441 97.7096 0.320184 2183 2.0062
637633209 95.6477 0.461684 1953 1.78155
637567677 96.3993 0.307703 3666 1.64402
637633213 95.2299 0.510948 1740 1.70261
637567789 98.6269 0.189105 3787 1.86447
637633325 79.2878 0.987225 1685 1.59538
637567793 74.0238 0.889001 2433 1.24533
637600561 79.472 0.861718 2197 1.28571
637633329 71.8841 0.988115 2070 1.50785
637567797 0 0 2316 0
637600565 0 0 2702 0
637633333 0 0 2563 0
637567801 97.1714 0.338134 2404 1.56043
637600569 96.4637 0.390762 2234 1.74972
637633337 97.5113 0.4278 1326 1.86023
637567805 96.4979 0.304072 3655 1.59528
637633341 97.6744 0.358947 1763 1.84355
637567917 97.0289 0.281616 3635 1.79583
637633453 96.1538 0.464235 1716 1.96659
637567921 95.9209 0.405631 2378 1.63171
637600689 97.3269 0.337649 2282 1.70597
637633457 97.9747 0.316971 1975 1.8303
637567925 97.3495 0.340461 2226 1.70008
637600693 96.4865 0.361788 2590 1.99863
637633461 98.1279 0.267669 2564 1.89305
637567929 96.4564 0.384334 2314 1.6218
637600697 98.0044 0.294498 2255 1.79407
637633465 97.7719 0.339954 1885 1.67187
637567933 0 0 3596 0
637633469 0 0 1664 0
637568045 99.1088 0.15444 3703 2.03171
637633581 96.1515 0.479268 1611 2.11824
637568049 96.24 0.390998 2367 1.44013
637600817 94.9573 0.452365 2340 1.70301
637633585 97.4359 0.35794 1950 1.91506
637568053 6.64257 0.529361 2213 1.28859
637600821 12.7796 0.66719 2504 1.42563
637633589 12.8632 0.658994 2581 1.41195
637568057 84.8308 0.733309 2393 1.43234
637600825 97.1774 0.350557 2232 1.69287
637633593 97.8841 0.323013 1985 1.7036
637568061 96.9739 0.286743 3569 1.51682
637633597 97.6914 0.37016 1646 2.2956
637568173 98.4816 0.199582 3754 1.6999
637633709 97.7604 0.350131 1786 1.74725
637568177 97.5217 0.315959 2421 1.6654
637600945 96.5487 0.381541 2289 1.5664
637633713 98.1382 0.299204 2041 1.71143
637568181 95.9927 0.418531 2196 1.55143
637600949 95.3947 0.412328 2584 1.58991
637633717 88.4601 0.627685 2591 1.67578
637568185 95.5925 0.418552 2405 1.57228
637600953 97.3435 0.341217 2221 1.62912
637633721 97.4129 0.35409 2010 1.69847
637568189 96.5798 0.299439 3684 1.78332
637633725 98.7647 0.274517 1619 2.09502
637568301 95.9396 0.326913 3645 1.62634
637633837 97.7764 0.361464 1664 2.13588
637568305 49.3011 1.02892 2361 1.17768
637601073 83.6975 0.772244 2288 1.40705
637633841 87.2296 0.766709 1895 1.36247
637568309 72.7443 0.962771 2139 1.23301
637601077 77.2512 0.833106 2532 1.32489
637633845 87.0428 0.662454 2570 1.5822
637568313 95.6706 0.41929 2356 1.48548
637601081 96.9434 0.367668 2192 1.6139
637633849 95.0532 0.500112 1880 1.77402
637568317 97.807 0.242479 3648 1.64294
637633853 96.3969 0.452939 1693 1.8416
637568429 92.8251 0.419144 3791 1.54158
637633965 98.8921 0.252751 1715 2.20673
637568433 95.5789 0.421806 2375 1.58175
637601201 97.413 0.344292 2126 1.94681
637633969 97.0482 0.385167 1931 1.74692
637568437 94.7738 0.466396 2277 1.56167
637601205 95.4631 0.402984 2667 1.71539
637633973 97.8253 0.277683 2759 1.81554
637568441 96.8195 0.356642 2421 1.45148
637601209 95.2634 0.446929 2259 1.60781
637633977 81.1953 0.886924 1941 1.90929
637568445 98.3718 0.208484 3685 1.72095
637633981 97.1748 0.40198 1699 1.70621
637569069 0 0 1876 0
637601837 0 0 2394 0
637634605 0 0 1232 0
637569073 0 0 3495 0
637634609 0 0 3328 0
637569077 98.5168 0.2082 3371 2.1496
637634613 98.3125 0.212501 3674 2.13418
637569081 95.5973 0.343551 3566 1.46174
637634617 97.6308 0.266781 3250 1.87412
637569085 97.6919 0.360712 1733 1.56575
637601853 81.6639 0.787263 2416 1.86747
637634621 98.5869 0.340305 1203 1.70048
637569197 98.2386 0.313552 1760 1.81253
637601965 96.159 0.406153 2239 2.14189
637634733 98.7854 0.311692 1235 2.03937
637569201 97.2682 0.270779 3624 1.55027
637634737 96.085 0.337884 3295 1.66622
637569205 96.5089 0.31178 3466 1.6397
637634741 96.2289 0.311535 3739 1.73995
637569209 96.694 0.300547 3539 2.06704
637634745 93.0726 0.438773 3349 1.64014
637569213 98.0458 0.327079 1791 1.75076
637601981 96.6181 0.373999 2336 1.7433
637634749 98.6356 0.328642 1246 1.92167
637569325 96.3429 0.448706 1750 1.5784
637602093 89.0355 0.666442 2198 1.98809
637634861 97.8956 0.416424 1188 1.90909
637569329 94.9416 0.412164 2827 1.46399
637634865 97.1306 0.316177 2788 1.61438
637569333 97.8831 0.263871 2976 1.97024
637634869 91.0924 0.494148 3323 1.54379
637569337 0 0 3626 0
637634873 0 0 3338 0
637569341 81.8491 0.917973 1763 1.52851
637602109 97.9719 0.278378 2564 1.95151
637634877 96.0471 0.565079 1189 1.96444
637569453 0 0 1631 0
637602221 0 0 1957 0
637634989 0 0 1122 0
637569457 0 0 3708 0
637634993 96.8095 0.306355 3291 2.29846
637569461 0 0 3496 0
637634997 0 0 3916 0
637569465 95.1719 0.399503 2879 1.39888
637635001 95.3907 0.397908 2777 1.48972
637569469 0 0 1736 0
637602237 0.090009 0.0636173 2222 1
637635005 0 0 1200 0
637569581 96.4209 0.429356 1872 1.58695
637602349 97.9176 0.300571 2257 1.90225
637635117 98.6077 0.335323 1221 1.84642
637569585 96.3671 0.309236 3661 1.58546
637635121 97.232 0.281515 3396 1.80372
637569589 98.3862 0.215848 3408 2.13874
637635125 97.8089 0.237858 3788 2.03116
637569593 95.8694 0.338206 3462 1.5232
637635129 0 0 3235 0
637569597 95.3631 0.497023 1790 1.50923
637602365 96.844 0.371213 2218 1.78237
637635133 96.6583 0.519464 1197 1.84927
637569709 96.4122 0.513859 1310 1.6022
637602477 95.3578 0.534235 1551 1.81969
637635245 98.62 0.380105 942 1.82729
637569713 95.9371 0.333957 3495 1.56673
637635249 96.0683 0.339296 3281 1.68966
637569717 93.495 0.424064 3382 1.93454
637635253 96.248 0.313346 3678 1.5577
637569721 96.375 0.31455 3531 1.62036
637635257 96.4934 0.319825 3308 1.75961
637569725 97.1604 0.391943 1796 1.74253
637602493 96.5899 0.381933 2258 1.68377
637635261 90.0079 0.844521 1261 1.68539
637569837 97.2315 0.386074 1806 1.5486
637602605 97.3305 0.331805 2360 1.60876
637635373 97.1311 0.477918 1220 1.62241
637569841 0 0 3521 0
637635377 0 0 3413 0
637569845 97.7156 0.252471 3502 1.85901
637635381 92.8534 0.417556 3806 1.74786
637569849 94.7444 0.378158 3482 1.57964
637635385 98.4649 0.235044 2736 1.84256
637569853 96.1214 0.457782 1779 1.42535
637602621 97.8299 0.303556 2304 1.75839
637635389 97.1383 0.470074 1258 1.71457
637569965 95.766 0.475279 1795 1.52983
637602733 96.7155 0.375494 2253 1.74567
637635501 97.8723 0.412805 1222 1.7777
637569969 93.086 0.425308 3558 1.65316
637635505 97.1249 0.289191 3339 1.92936
637569973 0 0 3403 0
637635509 0 0 3728 0
637569977 96.8041 0.303986 3348 1.73231
637635513 93.409 0.43444 3262 1.76287
637569981 96.6629 0.427143 1768 1.57799
637602749 82.0215 0.812091 2236 1.30337
637635517 97.8723 0.420981 1175 1.71852
637570093 98.9272 0.244803 1771 1.72414
637602861 97.8847 0.293052 2411 1.73983
637635629 96.0405 0.591741 1086 1.70745
637570097 96.056 0.329047 3499 1.57139
637635633 95.2466 0.36675 3366 1.62723
637570101 3.23257 0.305985 3341 1.27138
637635637 6.92536 0.416765 3711 1.50585
637570105 88.1684 0.544696 3516 1.73917
637635641 98.3153 0.223225 3324 2.09028
637570109 95.7597 0.489012 1698 1.52077
637602877 97.6288 0.324902 2193 1.64308
637635645 98.0492 0.402784 1179 1.67548
637570221 98.308 0.306299 1773 1.70457
637602989 96.124 0.400567 2322 1.87148
637635757 98.9658 0.28535 1257 1.88289
637570225 94.8462 0.373074 3512 1.79216
637635761 98.3466 0.219108 3387 2.08717
637570229 96.0414 0.335137 3385 1.55437
637635765 95.5835 0.336145 3736 1.82299
637570233 97.4694 0.2619 3596 1.64191
637635769 96.4052 0.32087 3366 1.70247
637570237 97.5111 0.366383 1808 1.57497
637603005 97.808 0.306582 2281 1.62788
637635773 91.1348 0.846317 1128 1.83604
637570349 97.2028 0.398055 1716 1.53455
637603117 97.2012 0.347641 2251 1.79707
637635885 97.094 0.491077 1170 1.75436
637570353 96.9618 0.291958 3456 1.59366
637635889 96.9314 0.299138 3324 1.84603
637570357 94.7977 0.387344 3287 1.61285
637635893 93.3609 0.413223 3630 1.70108
637570361 97.5073 0.266977 3410 1.8392
637635897 90.168 0.525199 3214 1.70601
637570365 97.6905 0.360918 1732 1.55951
637603133 96.8226 0.368464 2266 1.65845
637635901 96.5546 0.522405 1219 1.66163
637570477 96.4327 0.444896 1738 1.55526
637603245 97.0417 0.345857 2400 1.67278
637636013 98.7785 0.313457 1228 1.78324
637570481 93.0914 0.43207 3445 1.66039
637636017 82.7957 0.671184 3162 1.52387
637570485 95.7275 0.343614 3464 1.71294
637636021 95.5924 0.330512 3857 1.68501
637570489 0 0 3539 0
637636025 94.8825 0.380092 3361 1.62817
637570493 98.6163 0.269485 1879 1.88609
637603261 98.1647 0.283979 2234 1.82988
637636029 90.3114 0.870006 1156 1.45373
637567053 97.6044 0.378977 1628 1.54791
637632589 98.1651 0.35653 1417 1.73742
637567057 97.3937 0.417253 1458 1.64752
637632593 82.1314 1.08441 1248 1.41028
637567061 97.3362 0.432052 1389 1.49036
637632597 97.9448 0.359565 1557 1.58392
637567065 89.4237 0.800749 1475 1.6418
637632601 98.5565 0.337763 1247 1.82482
637567069 0 0 1493 0
637632605 0 0 1427 0
637567181 93.5564 0.611153 1614 1.41749
637632717 96.5262 0.497822 1353 1.49693
637567185 0 0 1486 0
637632721 0 0 1300 0
637567189 97.921 0.375606 1443 1.52672
637632725 74.7126 1.13022 1479 1.38669
637567193 97.5936 0.396215 1496 1.45974
637632729 96.654 0.495919 1315 1.60383
637567197 98.3974 0.317934 1560 1.69511
637632733 95.6329 0.555999 1351 1.47299
637567309 95.817 0.511823 1530 1.49468
637632845 97.0336 0.474028 1281 1.46452
637567313 0 0 1153 0
637632849 0 0 1034 0
637567317 97.9522 0.370024 1465 1.84703
637632853 62.0779 1.23639 1540 1.5401
637567321 97.2312 0.416357 1553 1.46534
637632857 96.4953 0.513209 1284 1.59683
637567325 96.7871 0.456225 1494 1.4393
637632861 96.6543 0.490337 1345 1.42058
637567437 98.5195 0.313295 1486 1.53325
637632973 93.0783 0.766 1098 1.58829
637567441 0 0 1526 0
637632977 0 0 1307 0
637567445 0 0 1468 0
637632981 0 0 1646 0
637567449 95.7921 0.576696 1212 1.34435
637632985 97.2195 0.518115 1007 1.51898
637567453 85.7536 0.91695 1453 1.25937
637632989 99.0078 0.263859 1411 1.75098
637567565 83.6584 0.958842 1487 1.20633
637633101 96.4835 0.498557 1365 1.56133
637567569 0 0 1470 0
637633105 0 0 1293 0
637567573 0 0 1328 0
637633109 0 0 1517 0
637567577 95.6147 0.549035 1391 1.42771
637633113 99.0307 0.278455 1238 2.34436
637567581 96.6102 0.453411 1593 1.62203
637633117 97.9892 0.390371 1293 1.70028
637567693 0 0 1501 0
637633229 0 0 1366 0
637567697 0 0 1449 0
637633233 0 0 1241 0
637567701 0 0 1381 0
637633237 0 0 1477 0
637567705 97.6744 0.400097 1419 1.65812
637633241 93.8272 0.690428 1215 1.71034
637567709 0 0 1510 0
637633245 0 0 1332 0
637567821 79.3282 1.02924 1548 1.64794
637633357 79.5421 1.09628 1354 1.54364
637567825 97.8567 0.374809 1493 1.5587
637633361 97.0612 0.47599 1259 1.566
637567829 97.4035 0.410345 1502 1.6679
637633365 96.3314 0.472788 1581 1.70575
637567833 96.9504 0.45792 1410 1.57532
637633369 97.2244 0.462601 1261 1.52571
637567837 98.1761 0.335587 1590 1.55364
637633373 97.0523 0.459148 1357 1.70345
637567949 86.0568 0.87008 1585 1.3089
637633485 97.3763 0.437628 1334 1.8151
637567953 96.2351 0.489191 1514 1.48694
637633489 97.5455 0.435393 1263 1.69519
637567957 0 0 1502 0
637633493 0 0 1679 0
637567961 98.4252 0.333095 1397 1.94192
637633497 86.7236 0.945477 1288 1.61538
637567965 98.3062 0.329358 1535 1.78987
637633501 95.2632 0.58248 1330 1.66715
637568077 98.4354 0.323685 1470 1.85859
637633613 99.2775 0.227662 1384 2.03877
637568081 0 0 1429 0
637633617 0 0 1330 0
637568085 6.22711 0.654057 1365 1.63415
637633621 7.42001 0.683833 1469 1.64975
637568089 97.9517 0.383104 1367 1.64902
637633625 65.8517 1.35377 1227 1.72178
637568093 0 0 1438 0
637633629 0 0 1274 0
637568205 0 0 1552 0
637633741 0 0 1390 0
637568209 0 0 1391 0
637633745 0 0 1306 0
637568213 93.1768 0.682967 1363 1.62947
637633749 81.7837 0.970728 1581 1.54463
637568217 93.6803 0.663455 1345 1.56764
637633753 96.2433 0.56868 1118 1.64871
637568221 96.6689 0.463178 1501 1.50571
637633757 93.5878 0.676827 1310 1.56357
637568333 0 0 1458 0
637633869 0 0 1379 0
637568337 0 0 1391 0
637633873 0 0 1239 0
637568341 0 0 1378 0
637633877 0 0 1486 0
637568345 93.6589 0.65793 1372 1.51507
637633881 95.6298 0.598427 1167 1.73836
637568349 0 0 1418 0
637633885 0 0 1381 0
637568461 99.1655 0.23989 1438 2.26055
637633997 99.7901 0.121081 1429 2.58981
637568465 94.3515 0.609632 1434 1.37437
637634001 97.7954 0.43603 1134 1.54324
637568469 0 0 1442 0
637634005 0 0 1555 0
637568473 94.2958 0.615461 1420 1.34576
637634009 97.5708 0.43808 1235 1.82855
637568477 0 0 1605 0
637634013 0 0 1299 0
637571149 96.2343 0.502704 1434 1.61422
637636685 98.3943 0.375418 1121 1.74629
637571153 96.1803 0.479627 1597 1.3913
637636689 93.6136 0.695206 1237 1.62611
637571157 97.306 0.410061 1559 1.60702
637636693 98.7326 0.281604 1578 1.77531
637571161 97.7607 0.374246 1563 1.5041
637636697 98.534 0.33386 1296 1.94229
637571165 96.4567 0.518763 1270 1.65531
637636701 98.2982 0.368186 1234 2.07481
637571277 91.1401 0.744712 1456 1.35275
637636813 97.0745 0.501765 1128 1.45921
637571281 0 0 1614 0
637636817 0 0 1298 0
637571285 0 0 1505 0
637636821 0 0 1552 0
637571289 86.5999 0.852434 1597 1.31009
637636825 61.4078 1.38469 1236 1.15582
637571293 96.63 0.48843 1365 1.41324
637636829 98.0849 0.395478 1201 1.62201
637571405 0 0 1399 0
637636941 0 0 1097 0
637571409 0 0 1317 0
637636945 0 0 1043 0
637571413 97.8947 0.368223 1520 1.54961
637636949 97.5802 0.377953 1653 1.70102
637571417 98.147 0.329704 1673 1.58877
637636953 97.0684 0.481384 1228 1.61201
637571421 94.2629 0.626686 1377 1.56997
637636957 98.9263 0.275743 1397 2.08715
637571533 98.7821 0.285299 1478 1.77759
637637069 99.3976 0.227003 1162 2.03226
637571537 0 0 1633 0
637637073 0 0 1322 0
637571541 0 0 1546 0
637637077 0 0 1683 0
637571545 96.7399 0.458081 1503 1.30872
637637081 97.0782 0.517043 1061 1.54331
637571549 96.8583 0.45101 1496 1.46251
637637085 98.0459 0.403462 1177 1.48148
637571661 95.8789 0.504406 1553 1.5963
637637197 97.9364 0.416867 1163 1.83556
637571665 0 0 1666 0
637637201 0 0 1367 0
637571669 0 0 1556 0
637637205 0 0 1725 0
637571673 96.954 0.437488 1543 1.48291
637637209 99.2248 0.244186 1290 1.81319
637571677 94.9318 0.559132 1539 1.58347
637637213 97.3792 0.457186 1221 1.72952
637571789 0 0 1521 0
637637325 0 0 1131 0
637571793 0 0 1651 0
637637329 0 0 1297 0
637571797 0 0 1552 0
637637333 0 0 1687 0
637571801 96.5496 0.45716 1594 1.46175
637637337 94.8877 0.612986 1291 1.65387
637571805 97.264 0.426637 1462 1.52465
637637341 98.3949 0.356027 1246 1.55964
637571917 93.5376 0.634598 1501 1.94653
637637453 98.0472 0.394704 1229 2.31707
637571921 96.2893 0.474043 1590 1.43068
637637457 98.1231 0.371836 1332 1.70904
637571925 97.8723 0.366417 1551 1.79104
637637461 98.4309 0.305302 1657 2.03319
637571929 0 0 1610 0
637637465 0 0 1250 0
637571933 97.7865 0.375394 1536 1.57707
637637469 98.8955 0.304638 1177 1.93518
637572045 0 0 1483 0
637637581 0 0 1133 0
637572049 84.124 0.919104 1581 1.321
637637585 98.4399 0.346109 1282 1.61528
637572053 0 0 1510 0
637637589 0 0 1612 0
637572057 0 0 1508 0
637637593 0 0 1271 0
637572061 97.892 0.368703 1518 1.7809
637637597 98.0066 0.402816 1204 1.76356
637572173 96.3499 0.492149 1452 1.61179
637637709 95.8025 0.575304 1215 1.96526
637572177 0 0 673 0
637637713 0 0 654 0
637572181 5.94193 0.614305 1481 1.49321
637637717 5.63035 0.57024 1634 1.44541
637572185 83.3777 0.959947 1504 1.66097
637637721 98.0153 0.385356 1310 1.72948
637572189 97.6796 0.411886 1336 1.42675
637637725 98.2669 0.38416 1154 1.58598
637572301 0 0 1524 0
637637837 0 0 1288 0
637572305 0 0 1652 0
637637841 0 0 1347 0
637572309 95.6885 0.515248 1554 1.51047
637637845 96.7234 0.44688 1587 1.73484
637572313 96.9079 0.430481 1617 1.64441
637637849 97.1495 0.461898 1298 1.87552
637572317 0 0 1544 0
637637853 0 0 1246 0
637572429 96.7855 0.466278 1431 1.61807
637637965 97.2546 0.471311 1202 1.7
637572433 55.1974 1.27553 1520 1.38663
637637969 86.9173 0.924647 1330 2.2154
637572437 0 0 1508 0
637637973 0 0 1567 0
637572441 97.2454 0.414253 1561 1.60874
637637977 97.0656 0.46898 1295 1.75952
637572445 94.8775 0.600674 1347 1.39908
637637981 99.1031 0.282337 1115 2.26161
637572557 98.5965 0.311624 1425 1.70144
637638093 98.5148 0.347444 1212 1.78576
637572561 0 0 1556 0
637638097 0 0 1266 0
637572565 0 0 1540 0
637638101 0 0 1603 0
637572569 97.3873 0.407668 1531 1.56843
637638105 93.1292 0.691284 1339 1.71198
637572573 0 0 1371 0
637638109 0 0 1191 0
637567085 83.3333 10.7583 12 1.36364
637632621 85.7143 13.226 7 1.66667
637567089 0 0 562 0
637632625 0 0 901 0
637567093 0 0 875 0
637632629 0 0 849 0
637567097 87.5887 1.38833 564 1.37871
637632633 50.9561 1.67664 889 1.21707
637567101 100 0 12 1.66667
637632637 92.8571 6.88303 14 1.46154
637567213 87.5 8.26797 16 1.375
637632749 100 0 4 1.4
637567217 0 0 549 0
637632753 0 0 908 0
637567221 97.0274 0.585627 841 1.54885
637632757 95.5581 0.695299 878 1.6866
637567225 95.1087 0.918022 552 1.3339
637632761 96.3164 0.619994 923 1.68458
637567229 93.1034 4.70544 29 1.48485
637632765 100 0 2 2
637567341 97.0588 1.29585 170 1.87168
637632877 82.5029 1.29334 863 1.69592
637567345 0 0 574 0
637632881 0 0 773 0
637567349 98.3071 0.448592 827 1.63508
637632885 96.3003 0.622641 919 1.58604
637567353 97.2174 0.685905 575 1.41961
637632889 96.7641 0.571705 958 1.54274
637567357 90.3955 2.21475 177 1.975
637632893 89.6766 1.07306 804 1.5321
637567469 0 0 41 0
637633005 0 0 501 0
637567473 0 0 243 0
637633009 0 0 679 0
637567477 97 0.762889 500 1.38783
637633013 97.3451 0.676323 565 1.57825
637567481 0 0 253 0
637633017 0 0 501 0
637567485 97.8261 2.15015 46 1.46667
637633021 97.9253 0.649233 482 1.39078
637567597 97.0833 0.76806 480 1.59785
637633133 98.7035 0.332566 1157 1.85405
637567601 84.7764 1.10814 1051 1.27403
637633137 77.3011 1.16991 1282 1.3664
637567605 96.099 0.530311 1333 1.39031
637633141 94.3836 0.602563 1460 1.46818
637567609 96.67 0.56994 991 1.4962
637633145 96.0769 0.538457 1300 1.60826
637567613 95.1515 0.965402 495 1.46702
637633149 96.4896 0.552152 1111 1.73445
637567725 96.6102 0.961831 354 1.46997
637633261 91.7431 1.86409 218 1.84711
637567729 90.0465 0.913097 1075 1.57249
637633265 90.8408 0.790344 1332 1.85119
637567733 97.7925 0.39856 1359 1.48372
637633269 96.9262 0.451113 1464 1.569
637567737 95.6164 0.61869 1095 1.72594
637633273 98.8823 0.286981 1342 1.94661
637567741 95.098 1.06891 408 1.55378
637633277 95.3782 1.36096 238 1.98397
637567853 0 0 16 0
637633389 0 0 2 0
637567857 97.8002 0.444069 1091 1.59095
637633393 97.0477 0.465717 1321 1.60644
637567861 0 0 1489 0
637633397 0 0 1571 0
637567865 98.7464 0.345504 1037 2.12877
637633401 92.5074 0.717066 1348 1.92536
637567869 84.6154 10.0068 13 1.8
637633405 100 0 1 1
637567981 79.2717 2.14539 357 1.18987
637633517 90.1841 2.33044 163 1.57711
637567985 96.5022 0.550207 1115 1.47184
637633521 96.6543 0.490337 1345 1.69133
637567989 98.0913 0.357244 1467 1.71295
637633525 94.3942 0.564765 1659 1.90645
637567993 97.862 0.450924 1029 1.5098
637633529 95.1843 0.587283 1329 1.66316
637567997 96.144 0.976241 389 1.6351
637633533 98.2857 0.981222 175 2.04202
637568109 96.1207 0.896451 464 1.45155
637633645 95.993 0.578838 1148 1.55783
637568113 96.3696 0.620388 909 1.58091
637633649 96.018 0.535965 1331 1.73904
637568117 4.63432 0.565708 1381 1.40299
637633653 5.70866 0.594307 1524 1.67513
637568121 97.1689 0.527408 989 1.64847
637633657 98.5441 0.331575 1305 1.78459
637568125 96.9977 0.820096 433 1.54724
637633661 96.4686 0.541692 1161 1.7163
637568237 94.2928 1.15558 403 1.45333
637633773 98.452 0.343451 1292 1.74135
637568241 87.0542 1.22015 757 1.55978
637633777 95.1652 0.608896 1241 1.56851
637568245 96.6284 0.483435 1394 1.49934
637633781 97.8474 0.370671 1533 1.53925
637568249 0 0 942 0
637633785 0 0 1337 0
637568253 81.9797 1.93636 394 1.48615
637633789 97.449 0.425665 1372 1.74236
637568365 97.032 0.810877 438 1.4358
637633901 96.7608 0.510218 1204 1.68945
637568369 97.1545 0.530048 984 1.65738
637633905 94.717 0.614536 1325 1.63275
637568373 88.0767 0.863324 1409 1.48687
637633909 93.0796 0.667666 1445 1.53895
637568377 94.1468 0.739381 1008 1.5279
637633913 97.3445 0.442868 1318 1.64117
637568381 96.9484 0.83336 426 1.77524
637633917 81.5609 1.13569 1166 1.64507
637568493 95.0355 1.82925 141 1.4
637634029 97.9702 0.518738 739 1.57195
637568497 0 0 485 0
637634033 0 0 678 0
637568501 99.2978 0.31295 712 2.32593
637634037 92.8047 0.99023 681 1.60962
637568505 94.9791 0.99883 478 1.40968
637634041 96.988 0.663294 664 1.48686
637568509 100 0 179 1.54299
637634045 85.4725 1.32338 709 1.51857
637571181 78.5714 10.9664 14 1.41667
637636717 100 0 3 2
637571185 0 0 1030 0
637636721 0 0 1287 0
637571189 98.1255 0.364167 1387 1.63612
637636725 96.7979 0.454728 1499 1.73824
637571193 97.9512 0.442477 1025 1.67149
637636729 94.2642 0.638799 1325 1.73258
637571197 0 0 14 0
637636733 100 0 2 1.6
637571309 96.01 0.977403 401 1.41839
637636845 98.1132 0.934453 212 2.03953
637571313 0 0 1085 0
637636849 0 0 1331 0
637571317 82.0675 1.01732 1422 1.59053
637636853 96.9846 0.452862 1426 1.72233
637571321 98.2857 0.400582 1050 1.4741
637636857 96.0695 0.534238 1323 1.54476
637571325 96.3124 0.877738 461 1.40316
637636861 95.5224 1.45874 201 1.56
637571437 98.4547 0.579521 453 1.48649
637636973 97.7121 0.461641 1049 1.72929
637571441 0 0 644 0
637636977 0 0 1178 0
637571445 96.8544 0.472091 1367 1.49896
637636981 96.1429 0.514668 1400 1.52607
637571449 96.5517 0.549655 1102 1.36457
637636985 96.4595 0.518362 1271 1.51762
637571453 97.9036 0.655966 477 1.56182
637636989 97.5586 0.482284 1024 1.66608
637571565 0 0 271 0
637637101 0 0 872 0
637571569 0 0 725 0
637637105 0 0 995 0
637571573 95.6863 0.636137 1020 1.49437
637637109 97.7465 0.454785 1065 1.40458
637571577 0 0 719 0
637637113 0 0 810 0
637571581 96.9178 1.01144 292 1.45225
637637117 97.9021 0.489266 858 1.59416
637571693 0 0 249 0
637637229 0 0 873 0
637571697 83.2025 1.48122 637 1.18852
637637233 0.189753 0.134048 1054 2.07317
637571701 96.1618 0.618764 964 1.50049
637637237 96.5986 0.565073 1029 1.46043
637571705 97.3783 0.691439 534 1.52931
637637241 96.4072 0.644064 835 1.74861
637571709 98.0469 0.864892 256 1.59468
637637245 97.9452 0.479318 876 1.71624
637571821 95.8333 4.07894 24 1.57692
637637357 63.6364 14.5041 11 1.8
637571825 98.2998 0.50824 647 1.54608
637637361 96.8615 0.573592 924 1.69177
637571829 97.7876 0.489202 904 1.61212
637637365 95.5166 0.646057 1026 1.5
637571833 97.731 0.599508 617 1.6009
637637369 97.7731 0.480516 943 1.56256
637571837 91.3044 5.87534 23 1.4
637637373 100 0 14 1.72222
637571949 0 0 15 0
637637485 0 0 7 0
637571953 95.0249 0.885446 603 1.36875
637637489 96.462 0.595929 961 1.56812
637571957 0 0 932 0
637637493 0 0 966 0
637571961 95.2 0.855065 625 1.3635
637637497 97.6798 0.512756 862 1.71475
637571965 100 0 16 1.8
637637501 83.3333 15.2145 6 1.6
637572077 96.371 1.18753 248 1.5256
637637613 98.3655 0.488768 673 1.50789
637572081 91.7098 1.14591 579 1.2812
637637617 96.3636 0.700063 715 1.79697
637572085 96.5659 0.674918 728 1.47774
637637621 95.875 0.703104 800 1.63934
637572089 97.6231 0.627661 589 1.61371
637637625 97.1264 0.633249 696 1.56667
637572093 0 0 226 0
637637629 0 0 648 0
637572333 96.696 0.838869 454 1.38735
637637869 98.1672 0.363194 1364 1.71332
637572337 0 0 1083 0
637637873 0 0 1517 0
637572341 97.7597 0.385597 1473 1.56677
637637877 89.7959 0.789508 1470 1.72605
637572345 97.5439 0.458431 1140 1.40667
637637881 97.2915 0.433383 1403 1.61946
637572349 97.5191 0.679494 524 1.74919
637637885 87.5697 0.931313 1255 1.75473
637572589 98.6226 0.611739 363 1.52427
637638125 99.2806 0.716831 139 2.08095
637572593 0 0 1016 0
637638129 97.8179 0.400759 1329 1.68579
637572597 97.3239 0.428266 1420 1.54896
637638133 96.8428 0.443854 1552 2.05292
637572601 95.5577 0.633426 1058 1.39928
637638137 97.1789 0.451139 1347 1.78069
637572605 99.4778 0.36828 383 1.64045
637638141 97.2376 1.21821 181 1.9053
637575661 0 0 324 0
637641197 0 0 812 0
637575665 98.0907 0.472748 838 1.49428
637641201 97.4257 0.498313 1010 1.48098
637575669 98.4848 0.364684 1122 1.58567
637641205 94.7236 0.646986 1194 1.74888
637575673 0 0 752 0
637641209 0 0 869 0
637575677 97.191 0.875715 356 1.55505
637641213 98.1618 0.470248 816 1.5612
637579757 0 0 58 0
637645293 0 0 305 0
637579761 97.6331 1.16934 169 1.28947
637645297 91.4005 1.38968 407 1.3139
637579765 98.9474 0.60453 285 1.43716
637645301 94.5559 1.21449 349 1.54106
637579769 0 0 133 0
637645305 0 0 345 0
637579773 90.566 4.01506 53 1.56471
637645309 99.41 0.41594 339 1.58765
