637566989 94.8097 0.753379 867 1.73361
637632525 96.9183 0.67838 649 1.90973
637566993 97.2222 0.427748 1476 1.73805
637632529 97.0468 0.484884 1219 2.04829
637566997 95.1892 0.541974 1559 1.95967
637632533 98.2906 0.320274 1638 2.85315
637567001 98.7517 0.292377 1442 2.38033
637632537 93.3849 0.728502 1164 1.7947
637567005 99.0621 0.330027 853 2.67627
637632541 99.3711 0.313475 636 2.87609
637567117 92.8571 0.919784 784 1.72588
637632653 98.2372 0.526805 624 2.08735
637567121 0 0 1420 0
637632657 0 0 1188 0
637567125 0 0 1477 0
637632661 0 0 1596 0
637567129 95.9138 0.539606 1346 1.85064
637632665 96.0918 0.564866 1177 2.1104
637567133 96.433 0.650461 813 1.65642
637632669 96.2482 0.721855 693 1.79944
637567245 93.7204 0.83505 844 1.77655
637632781 97.1642 0.641291 670 2.24066
637567249 0 0 1160 0
637632785 0 0 1004 0
637567253 94.2078 0.681758 1174 1.81849
637632789 95.9809 0.512616 1468 1.96151
637567257 95.3229 0.575309 1347 1.7109
637632793 96.5517 0.529164 1189 2.04659
637567261 96.9663 0.574913 890 1.60375
637632797 97.5575 0.58512 696 1.95816
637567373 96.088 0.677885 818 1.62719
637632909 96.7359 0.684455 674 2.02707
637567377 96.5517 0.479178 1450 1.9936
637632913 95.677 0.580833 1226 2.21553
637567381 95.6169 0.583248 1232 1.68839
637632917 95.5891 0.50474 1655 1.756
637567385 91.6591 0.832542 1103 1.62305
637632921 96.3184 0.594004 1005 1.82833
637567389 97.1496 0.573474 842 1.66523
637632925 98.7448 0.415776 717 1.98435
637567501 95.9491 0.670719 864 1.67579
637633037 98.7013 0.43008 693 2.30728
637567505 96.6667 0.478045 1410 1.8329
637633041 95.0666 0.606029 1277 1.9811
637567509 0 0 1539 0
637633045 0 0 1575 0
637567513 98.1456 0.353554 1456 1.91593
637633049 95.969 0.547618 1290 1.93477
637567517 0 0 0 0
637633053 0 0 0 0
637567629 96.1538 0.677375 806 1.77492
637633165 98.2684 0.495524 693 2.01218
637567633 95.9361 0.531907 1378 1.83135
637633169 97.2268 0.468967 1226 2.12193
637567637 97.4887 0.397043 1553 1.99938
637633173 95.6996 0.499272 1651 2.08124
637567641 96.2369 0.502361 1435 1.75862
637633177 90.08 0.845503 1250 2.0625
637567645 96.9873 0.58188 863 1.74238
637633181 94.5792 0.855208 701 1.83403
637567757 0 0 861 0
637633293 0 0 754 0
637567761 96.7651 0.469179 1422 1.76768
637633297 97.6077 0.431524 1254 1.92101
637567765 97.4984 0.395535 1559 1.95366
637633301 94.5699 0.559748 1639 1.98017
637567769 0 0 1347 0
637633305 0 0 1217 0
637567773 0 0 862 0
637633309 0 0 768 0
637567885 94.2285 0.800353 849 1.61209
637633421 94.2731 0.890388 681 1.92274
637567889 0 0 1382 0
637633425 0 0 1204 0
637567893 92.8771 0.679691 1432 1.758
637633429 93.3493 0.609903 1669 1.83826
637567897 96.4888 0.487768 1424 2.22892
637633433 90.6149 0.829488 1236 1.74259
637567901 93.2021 1.06462 559 1.58347
637633437 95.6 0.917213 500 2.12984
637568013 97.4128 0.532439 889 1.85642
637633549 98.4826 0.476205 659 2.36479
637568017 96.5996 0.477443 1441 1.79269
637633553 95.6485 0.595932 1172 2.04167
637568021 96.4099 0.475317 1532 1.88314
637633557 92.9109 0.642812 1594 1.82472
637568025 95.63 0.551699 1373 1.68094
637633561 94.9377 0.611802 1284 1.95176
637568029 89.7375 1.04832 838 1.87949
637633565 97.8947 0.556701 665 2.62011
637568141 95.9519 0.6519 914 1.69055
637633677 97.6945 0.569686 694 2.79571
637568145 0 0 1433 0
637633681 0 0 1227 0
637568149 0 0 1440 0
637633685 0 0 1636 0
637568153 95.628 0.53864 1441 1.71616
637633689 97.6647 0.436143 1199 1.84796
637568157 94.2488 0.797621 852 1.79233
637633693 96.3855 0.682916 747 2.07042
637568269 75.3488 1.46963 860 1.83684
637633805 97.493 0.583443 718 2.05526
637568273 0 0 1426 0
637633809 0 0 1248 0
637568277 96.9476 0.443133 1507 2.05519
637633813 93.7386 0.597327 1645 2.03043
637568281 95.7252 0.558902 1310 1.86239
637633817 95.3985 0.600585 1217 2.11704
637568285 94.2584 0.804589 836 2.13715
637633821 97.4882 0.620007 637 2.60177
637568397 97.3005 0.555241 852 1.75335
637633933 97.5309 0.574751 729 2.07552
637568401 94.3519 0.621197 1381 1.62337
637633937 97.4705 0.455945 1186 2.14058
637568405 94.969 0.573832 1451 1.76781
637633941 76.0049 1.06201 1617 1.45427
637568409 84.1394 0.974242 1406 1.6637
637633945 96.9697 0.484074 1254 2.01799
637568413 0 0 882 0
637633949 97.2184 0.613282 719 2.17819
637569037 94.7817 0.725763 939 1.58396
637634573 97.7333 0.543482 750 1.75976
637569041 96.9278 0.478237 1302 1.83657
637634577 98.1163 0.389062 1221 1.92518
637569045 83.0121 1.00328 1401 1.42033
637634581 75.9377 1.13717 1413 1.38303
637569049 82.6389 1.05215 1296 1.74147
637634585 97.7387 0.43024 1194 1.83597
637569053 83.2996 1.18661 988 1.35921
637634589 0 0 713 0
637569165 95.7617 0.68184 873 1.80388
637634701 98.7252 0.422212 706 2.21887
637569169 0 0 1252 0
637634705 0 0 1225 0
637569173 0 0 1284 0
637634709 0 0 1405 0
637569177 80.6864 1.11521 1253 1.44761
637634713 91.0596 0.820933 1208 1.58872
637569181 79.2431 1.37342 872 1.33887
637634717 98.3439 0.455487 785 1.93556
637569293 97.5419 0.517588 895 1.73026
637634829 98.0818 0.490494 782 2.13386
637569297 0 0 1039 0
637634833 0 0 1013 0
637569301 0 0 1076 0
637634837 0 0 1256 0
637569305 77.5061 1.192 1227 1.36904
637634841 97.6955 0.430467 1215 2.01841
637569309 95.8244 0.654521 934 1.62661
637634845 97.7011 0.53558 783 1.85473
637569421 81.3288 1.31887 873 2.26309
637634957 95.6815 0.746742 741 2.00986
637569425 0 0 1297 0
637634961 93.301 0.710249 1239 1.69764
637569429 94.4846 0.686421 1106 1.66806
637634965 95.3232 0.553719 1454 1.75733
637569433 94.6573 0.714008 992 1.47712
637634969 95.1485 0.676048 1010 1.7677
637569437 0 0 890 0
637634973 0 0 761 0
637569549 96.5208 0.613922 891 1.66449
637635085 95.7047 0.742823 745 1.91142
637569553 97.0196 0.476224 1275 1.88067
637635089 94.427 0.642699 1274 2.06444
637569557 0 0 1348 0
637635093 0 0 1397 0
637569561 0 0 1291 0
637635097 0 0 1297 0
637569565 0 0 0 0
637635101 0 0 0 0
637569677 99.3407 0.268286 910 2.00209
637635213 95.935 0.72693 738 2.09135
637569681 96.865 0.494078 1244 1.7207
637635217 98.1982 0.380669 1221 2.0461
637569685 0 0 1359 0
637635221 0 0 1440 0
637569689 97.2994 0.456845 1259 2.13297
637635225 99.2891 0.236123 1266 2.89905
637569693 96.3374 0.625792 901 1.64551
637635229 97.2798 0.585469 772 1.86316
637569805 97.2036 0.551409 894 1.51241
637635341 95.4488 0.741071 791 1.9395
637569809 96.2963 0.541795 1215 1.71296
637635345 98.3896 0.348583 1304 1.81279
637569813 98.9676 0.274505 1356 2.71869
637635349 94.7844 0.586328 1438 1.90428
637569817 95.3883 0.596577 1236 1.73855
637635353 97.1586 0.466783 1267 1.76187
637569821 0 0 940 0
637635357 0 0 775 0
637569933 0 0 866 0
637635469 0 0 773 0
637569937 0 0 1265 0
637635473 0 0 1195 0
637569941 96.8454 0.490852 1268 1.81032
637635477 96.6712 0.467562 1472 1.93928
637569945 95.3419 0.577643 1331 1.88426
637635481 97.1452 0.475614 1226 2.03326
637569949 89.8132 1.24632 589 1.89661
637635485 97.3635 0.695292 531 1.80844
637570061 0 0 967 0
637635597 0 0 780 0
637570065 96.3424 0.523666 1285 1.82895
637635601 98.0607 0.40043 1186 2.08692
637570069 94.4989 0.625898 1327 1.69882
637635605 89.4627 0.811079 1433 1.93248
637570073 93.61 0.704562 1205 1.41099
637635609 97.7039 0.421455 1263 1.74534
637570077 78.6592 1.36952 895 1.32219
637635613 99.2116 0.320607 761 2.52113
637570189 89.2354 0.983047 994 1.39979
637635725 96.3014 0.698514 730 1.79469
637570193 0 0 1254 0
637635729 0 0 1264 0
637570197 0 0 1265 0
637635733 0 0 1419 0
637570201 75.7024 1.1818 1317 1.25891
637635737 80.2589 1.1322 1236 1.46829
637570205 95.5531 0.678865 922 1.66054
637635741 97.494 0.539951 838 1.75991
637570317 93.3921 0.824413 908 1.81922
637635853 97.6982 0.536257 782 1.95499
637570321 0 0 1271 0
637635857 0 0 1260 0
637570325 96.8892 0.478205 1318 1.77546
637635861 94.6318 0.59129 1453 1.97513
637570329 91.1458 0.836982 1152 2.38266
637635865 99.509 0.199957 1222 2.65601
637570333 89.9658 1.01457 877 1.40485
637635869 96.6897 0.664443 725 1.77278
637570445 96.1446 0.668281 830 1.71729
637635981 83.125 1.32417 800 1.40629
637570449 95.5649 0.595551 1195 1.75276
637635985 93.4399 0.718012 1189 1.80821
637570453 96.6903 0.502174 1269 1.54085
637635989 97.1025 0.445913 1415 1.8348
637570457 97.3123 0.454708 1265 1.75988
637635993 98.151 0.373919 1298 1.81348
637570461 92.9348 0.844808 920 1.63636
637635997 0 0 795 0
637567021 0 0 1312 0
637632557 0 0 588 0
637567025 0 0 840 0
637599793 0 0 820 0
637632561 0 0 690 0
637567029 98.6041 0.417944 788 1.8117
637599797 95.5257 0.691437 894 1.64217
637632565 98.4127 0.420844 882 1.80731
637567033 85.5781 1.21286 839 1.35328
637599801 98.005 0.493753 802 1.80083
637632569 95.9302 0.753301 688 1.79258
637567037 96.1286 0.521388 1369 1.5382
637632573 97.1698 0.720337 530 1.64425
637567149 98.5039 0.340643 1270 1.60722
637632685 95.5357 0.8727 560 1.53425
637567153 97.2222 0.559081 864 1.69246
637599921 98.0636 0.512483 723 1.96368
637632689 98.3025 0.507462 648 2.10959
637567157 96.3109 0.684187 759 1.49502
637599925 97.7881 0.501795 859 1.78728
637632693 97.6404 0.508785 890 1.78846
637567161 93.4053 0.859411 834 1.66597
637599929 96.5699 0.661056 758 1.69145
637632697 98.8489 0.404619 695 1.83504
637567165 97.3813 0.456816 1222 1.71027
637632701 98.8115 0.446517 589 1.91719
637567277 97.8923 0.401335 1281 1.89045
637632813 90.5785 1.18767 605 2.04803
637567281 96.9091 0.737979 550 1.47206
637600049 96.3705 0.661644 799 1.64293
637632817 97.4537 0.7579 432 1.63011
637567285 88.7231 1.28812 603 2.38614
637600053 98.6487 0.404685 814 2.59588
637632821 90.7895 1.04895 760 2.27889
637567289 98.1524 0.457607 866 1.76967
637600057 97.0109 0.627688 736 2.03294
637632825 92.7383 1.00937 661 1.89538
637567293 94.6221 0.608126 1376 1.50531
637632829 35.8696 2.04139 552 1.93607
637567405 0 0 1240 0
637632941 0 0 585 0
637567409 88.1376 1.11366 843 1.44728
637600177 97.2074 0.600816 752 1.82353
637632945 97.4006 0.622196 654 2.14246
637567413 97.0629 0.631437 715 1.63625
637600181 96.0938 0.647252 896 1.59209
637632949 36.7491 1.65464 849 1.78628
637567417 95.4466 0.87243 571 1.61043
637600185 98.2323 0.468237 792 2.34942
637632953 98.9154 0.482409 461 2.38961
637567421 95.4834 0.584577 1262 1.64898
637632957 98.9708 0.417985 583 1.86185
637567533 91.5918 0.792886 1225 1.4845
637633069 96.7851 0.725594 591 1.89869
637567537 97.4244 0.530086 893 1.54686
637600305 98.0494 0.498703 769 1.69967
637633073 97.1306 0.632354 697 1.74392
637567541 92.6121 0.950077 758 1.46447
637600309 96.3923 0.626142 887 1.69394
637633077 52.5773 1.68999 873 1.54111
637567545 97.7245 0.51605 835 1.75474
637600313 98.679 0.41497 757 1.87839
637633081 95.8333 0.744709 720 1.85604
637567549 0 0 1285 0
637633085 0 0 598 0
637567661 0 0 838 0
637633197 0 0 464 0
637567665 77.661 1.50988 761 1.46825
637600433 79.9733 1.4623 749 1.44852
637633201 89.1369 1.20039 672 1.55319
637567669 0 0 823 0
637600437 0 0 924 0
637633205 0 0 851 0
637567673 98.4337 0.430989 830 1.6411
637600441 98.2044 0.493513 724 1.94773
637633209 96.2519 0.735442 667 1.79228
637567677 96.5323 0.519576 1240 1.61701
637633213 95.2962 0.883706 574 1.61313
637567789 98.677 0.318734 1285 1.85593
637633325 78.8368 1.64176 619 1.61423
637567793 74.3038 1.55463 790 1.22785
637600561 80.589 1.44711 747 1.28649
637633329 74.3628 1.69064 667 1.48826
637567797 0 0 781 0
637600565 0 0 899 0
637633333 0 0 880 0
637567801 96.1395 0.679855 803 1.57754
637600569 96.3291 0.669038 790 1.74078
637633337 98.1172 0.621678 478 1.85192
637567805 96.463 0.523704 1244 1.60231
637633341 96.99 0.698713 598 1.78374
637567917 96.664 0.506094 1259 1.78251
637633453 95.6912 0.860372 557 1.98799
637567921 95.875 0.703104 800 1.56649
637600689 96.3522 0.66491 795 1.72106
637633457 97.3597 0.651294 606 1.88445
637567925 97.1888 0.60478 747 1.73659
637600693 96.8051 0.57391 939 1.9383
637633461 98.4127 0.420844 882 1.8989
637567929 95.8192 0.672797 885 1.62004
637600697 97.3451 0.617396 678 1.78309
637633465 96.823 0.682178 661 1.62861
637567933 0 0 1248 0
637633469 0 0 570 0
637568045 99.1506 0.25502 1295 2.02717
637633581 97.0696 0.721787 546 2.17414
637568049 97.2362 0.581048 796 1.47452
637600817 94.8784 0.788792 781 1.76589
637633585 97.7578 0.572395 669 1.82422
637568053 96.8276 0.650917 725 1.51795
637600821 93.4138 0.821794 911 1.74528
637633589 95.4036 0.701148 892 1.70206
637568057 85.6796 1.22026 824 1.37443
637600825 98.0237 0.505207 759 1.75513
637633593 97.4852 0.602209 676 1.67487
637568061 96.8968 0.482983 1289 1.4807
637633597 96.9259 0.734039 553 2.25868
637568173 98.2704 0.365541 1272 1.67237
637633709 98.6689 0.467477 601 1.78626
637568177 97.4421 0.550985 821 1.61905
637600945 95.8886 0.723091 754 1.56808
637633713 98.8201 0.414703 678 1.70801
637568181 96.3513 0.689254 740 1.5512
637600949 95.5832 0.691453 883 1.59465
637633717 90.8084 0.961423 903 1.66141
637568185 96.2651 0.658169 830 1.56583
637600953 97.4555 0.561688 786 1.63309
637633721 97.3126 0.608194 707 1.65526
637568189 97.0451 0.472213 1286 1.76797
637633725 97.9933 0.57344 598 2.1161
637568301 95.5189 0.580089 1272 1.61068
637633837 96.9751 0.722467 562 2.08863
637568305 50.4113 1.71392 851 1.15971
637601073 83.2418 1.38426 728 1.37431
637633841 86.4297 1.37651 619 1.34286
637568309 69.2217 1.58506 848 1.22362
637601077 75.31 1.44785 887 1.33799
637633845 87.8821 1.07824 916 1.57825
637568313 95.2503 0.762073 779 1.49154
637601081 97.5309 0.574751 729 1.59557
637633849 95.0078 0.860194 641 1.7147
637568317 97.6556 0.430207 1237 1.61943
637633853 96.9595 0.705683 592 1.91493
637568429 92.0635 0.761506 1260 1.51467
637633965 99.4755 0.30201 572 2.27994
637568433 96.4056 0.666949 779 1.58229
637601201 96.9388 0.65771 686 1.95438
637633969 96.6767 0.69665 662 1.76517
637568437 94.8718 0.789776 780 1.56454
637601205 95.3757 0.714057 865 1.72746
637633973 97.0794 0.575519 856 1.7881
637568441 94.994 0.752854 839 1.40914
637601209 95.1715 0.764136 787 1.62432
637633977 78.7425 1.58297 668 1.87662
637568445 98.6476 0.325786 1257 1.67477
637633981 97.3899 0.643956 613 1.6355
637569069 0 0 620 0
637601837 0 0 799 0
637634605 0 0 432 0
637569073 0 0 1255 0
637634609 0 0 1186 0
637569077 98.3108 0.37451 1184 2.14712
637634613 98.9105 0.289589 1285 2.16273
637569081 96.3405 0.5296 1257 1.48841
637634617 98.6819 0.338082 1138 1.92395
637569085 98.1162 0.538668 637 1.55524
637601853 83.4475 1.2557 876 1.88076
637634621 99.2347 0.440156 392 1.70478
637569197 98.9865 0.411663 592 1.79576
637601965 96.3684 0.673739 771 2.12367
637634733 97.561 0.761823 410 2.04312
637569201 97.0494 0.477859 1254 1.53904
637634737 94.9062 0.657286 1119 1.66961
637569205 95.9343 0.580869 1156 1.61325
637634741 97.0219 0.475857 1276 1.75226
637569209 96.7213 0.509837 1220 2.03899
637634745 92.9381 0.756442 1147 1.60535
637569213 98.2877 0.53683 584 1.78891
637601981 96.6942 0.663543 726 1.68802
637634749 98.7923 0.536841 414 1.95717
637569325 97.731 0.599508 617 1.5544
637602093 88.5 1.12791 800 1.93112
637634861 97.5057 0.74263 441 1.84493
637569329 95.3635 0.682577 949 1.46707
637634865 96.9409 0.559299 948 1.5853
637569333 98.1244 0.426241 1013 1.95255
637634869 87.5652 0.973052 1150 1.53265
637569337 0 0 1232 0
637634873 0 0 1147 0
637569341 81.2405 1.51843 661 1.56979
637602109 97.5553 0.526917 859 1.96707
637634877 96.2121 0.959324 396 1.90217
637569453 0 0 580 0
637602221 0 0 777 0
637634989 0 0 416 0
637569457 0 0 1266 0
637634993 96.6486 0.541663 1104 2.23302
637569461 0 0 1154 0
637634997 0 0 1236 0
637569465 94.8433 0.703221 989 1.40512
637635001 94.2915 0.740733 981 1.47373
637569469 0 0 572 0
637602237 0 0 750 0
637635005 0 0 425 0
637569581 97.1088 0.690998 588 1.55982
637602349 97.4194 0.569555 775 1.90466
637635117 98.708 0.574051 387 1.87368
637569585 96.9194 0.485629 1266 1.54453
637635121 97.745 0.437225 1153 1.79341
637569589 99.0558 0.283341 1165 2.10127
637635125 97.7582 0.418884 1249 2.01807
637569593 94.4856 0.654853 1215 1.53212
637635129 0 0 1159 0
637569597 94.8074 0.908087 597 1.55758
637602365 96.2338 0.686076 770 1.79731
637635133 96.5909 0.86509 440 1.85294
637569709 97.3958 0.812717 384 1.57207
637602477 95.0199 0.970898 502 1.75129
637635245 98.806 0.59344 335 1.87
637569713 96.7572 0.524393 1141 1.524
637635249 96.1749 0.578833 1098 1.68966
637569717 93.8362 0.684903 1233 1.89092
637635253 94.7619 0.627651 1260 1.54935
637569721 95.9967 0.566147 1199 1.62137
637635257 96.9858 0.509078 1128 1.79479
637569725 97.8618 0.586644 608 1.78779
637602493 96.7235 0.644483 763 1.60939
637635261 91.4352 1.3464 432 1.63991
637569837 98.1908 0.54054 608 1.53988
637602605 98.1343 0.4772 804 1.63226
637635373 97.4026 0.740004 462 1.66976
637569841 0 0 1194 0
637635377 0 0 1168 0
637569845 97.7177 0.434194 1183 1.83247
637635381 92.0217 0.754115 1291 1.71261
637569849 96.2617 0.552938 1177 1.56608
637635385 98.1873 0.423365 993 1.79809
637569853 95.7192 0.837639 584 1.47799
637602621 97.6893 0.538298 779 1.80663
637635389 98.1567 0.645676 434 1.60819
637569965 97.005 0.695279 601 1.52121
637602733 95.7747 0.719832 781 1.81111
637635501 97.75 0.741514 400 1.71459
637569969 92.3465 0.770991 1189 1.65004
637635505 96.7985 0.540193 1062 1.92175
637569973 0 0 1189 0
637635509 0 0 1311 0
637569977 95.1037 0.621638 1205 1.6768
637635513 84.1035 1.11159 1082 1.75965
637569981 96.4346 0.764031 589 1.55259
637602749 83.0688 1.36396 756 1.30239
637635517 97.1014 0.824524 414 1.60338
637570093 98.227 0.555694 564 1.72855
637602861 98.0023 0.479638 851 1.73154
637635629 94.7917 1.13388 384 1.81099
637570097 95.5631 0.601478 1172 1.54034
637635633 94.3363 0.687624 1130 1.60233
637570101 97.3368 0.471918 1164 1.47325
637635637 95.3995 0.595167 1239 1.7557
637570105 86.5884 0.986619 1193 1.70757
637635641 98.2301 0.392246 1130 2.04259
637570109 96.2295 0.771238 610 1.52322
637602877 97.0803 0.587218 822 1.62407
637635645 96.6851 0.94094 362 1.65577
637570221 97.7087 0.605326 611 1.72424
637602989 96.7113 0.622411 821 1.89343
637635757 99.0632 0.466186 427 1.8175
637570225 95.5 0.598436 1200 1.75697
637635761 97.7093 0.444077 1135 1.97678
637570229 95.3026 0.635926 1107 1.57437
637635765 96.319 0.521434 1304 1.75616
637570233 96.5378 0.518754 1242 1.63833
637635769 96.1173 0.567445 1159 1.68385
637570237 96.7374 0.717549 613 1.48886
637603005 98.3461 0.454912 786 1.61099
637635773 87.4036 1.68234 389 1.79545
637570349 97.2077 0.688265 573 1.46965
637603117 97.6456 0.53374 807 1.7559
637635885 97.9849 0.705235 397 1.70981
637570353 97.1808 0.476631 1206 1.61821
637635889 96.5385 0.56685 1040 1.76839
637570357 95.2106 0.613638 1211 1.59541
637635893 94.204 0.649577 1294 1.61953
637570361 98.7522 0.331394 1122 1.8127
637635897 90.8752 0.878682 1074 1.67857
637570365 98.1997 0.537911 611 1.59471
637603133 97.5871 0.561815 746 1.67076
637635901 97.3301 0.794187 412 1.72269
637570477 96.9305 0.693292 619 1.47584
637603245 95.4023 0.74846 783 1.66704
637636013 98.9848 0.505031 394 1.71
637570481 92.0406 0.787597 1181 1.67052
637636017 82.2412 1.17771 1053 1.52849
637570485 96.0481 0.571045 1164 1.67605
637636021 95.1161 0.609859 1249 1.65362
637570489 0 0 1259 0
637636025 94.0476 0.689947 1176 1.65888
637570493 98.4 0.5019 625 1.83022
637603261 98.419 0.452781 759 1.83933
637636029 90.3803 1.39464 447 1.50205
637567053 96.8577 0.750057 541 1.53434
637632589 97.5771 0.721629 454 1.80404
637567057 96.8442 0.776406 507 1.63051
637632593 83.5118 1.71713 467 1.49533
637567061 98.4283 0.551299 509 1.52206
637632597 98.3755 0.5371 554 1.57555
637567065 90.8 1.29256 500 1.61255
637632601 98.8962 0.490882 453 1.78455
637567069 0 0 515 0
637632605 0 0 546 0
637567181 94.8077 0.972972 520 1.38869
637632717 94.5032 1.04797 473 1.48898
637567185 0 0 511 0
637632721 0 0 407 0
637567189 97.541 0.701074 488 1.52783
637632725 75.1491 1.92685 503 1.40647
637567193 97.4757 0.691215 515 1.45516
637632729 97.1631 0.807236 423 1.5157
637567197 99.4465 0.318681 542 1.62687
637632733 91.6049 1.37798 405 1.45823
637567309 95.471 0.885048 552 1.44482
637632845 98.4018 0.599206 438 1.44033
637567313 0 0 391 0
637632849 0 0 346 0
637567317 98.7234 0.51783 470 1.8499
637632853 60.6557 2.08493 549 1.46705
637567321 98.4375 0.516748 576 1.47759
637632857 95.1456 1.0588 412 1.58371
637567325 97.1014 0.763361 483 1.40437
637632861 96.9365 0.806105 457 1.45455
637567437 98.2107 0.591062 503 1.51792
637632973 94.7489 1.0658 438 1.57112
637567441 0 0 546 0
637632977 0 0 439 0
637567445 0 0 469 0
637632981 0 0 532 0
637567449 97.8313 0.71501 415 1.3125
637632985 96.8116 0.945891 345 1.54593
637567453 87.3563 1.45462 522 1.26035
637632989 99.3827 0.355287 486 1.68251
637567565 82.3194 1.66344 526 1.1875
637633101 96.9555 0.831438 427 1.5956
637567569 0 0 516 0
637633105 0 0 420 0
637567573 0 0 460 0
637633109 0 0 506 0
637567577 94.9612 0.962964 516 1.36022
637633113 98.9035 0.48767 456 2.24303
637567581 96.6862 0.790295 513 1.57068
637633117 96.5306 0.826725 490 1.6705
637567693 0 0 478 0
637633229 0 0 471 0
637567697 0 0 491 0
637633233 0 0 397 0
637567701 0 0 506 0
637633237 0 0 537 0
637567705 96.7177 0.833455 457 1.6573
637633241 92.5659 1.28461 417 1.77262
637567709 0 0 479 0
637633245 0 0 462 0
637567821 77.4955 1.77909 551 1.71575
637633357 77.4737 1.91679 475 1.46731
637567825 96.8254 0.780952 504 1.5493
637633361 96.1364 0.918789 440 1.56276
637567829 98.1633 0.606596 490 1.62477
637633365 97.0874 0.741003 515 1.63167
637567833 96.2 0.855055 500 1.61273
637633369 96.7517 0.853918 431 1.49474
637567837 97.8887 0.629832 521 1.56089
637633373 96.603 0.834708 471 1.7505
637567949 89.1489 1.43465 470 1.27484
637633485 96.6216 0.857432 444 1.77413
637567953 95.6612 0.926045 484 1.4649
637633489 97.9215 0.685602 433 1.63389
637567957 0 0 496 0
637633493 0 0 564 0
637567961 99.1753 0.410667 485 1.90196
637633497 85.7143 1.75183 399 1.62097
637567965 98.646 0.508275 517 1.69371
637633501 93.5065 1.14641 462 1.6632
637568077 98.7207 0.518928 469 1.8729
637633613 99.1614 0.417525 477 2.05222
637568081 0 0 446 0
637633617 0 0 447 0
637568085 96.5957 0.836452 470 1.56879
637633621 97.0093 0.736399 535 1.57517
637568089 96.6316 0.827801 475 1.60478
637633625 66.4352 2.27195 432 1.70833
637568093 0 0 493 0
637633629 0 0 464 0
637568205 0 0 574 0
637633741 0 0 427 0
637568209 0 0 481 0
637633745 0 0 448 0
637568213 93.3775 1.16838 453 1.56405
637633749 80.7692 1.64787 572 1.49904
637568217 94.2197 1.02439 519 1.63718
637633753 94.6292 1.14011 391 1.7243
637568221 97.1171 0.710256 555 1.49835
637633757 92.17 1.27064 447 1.53975
637568333 0 0 538 0
637633869 0 0 499 0
637568337 0 0 519 0
637633873 0 0 378 0
637568341 0 0 479 0
637633877 0 0 501 0
637568345 94.0043 1.09859 467 1.58835
637633881 95.6298 1.03651 389 1.72917
637568349 0 0 488 0
637633885 0 0 468 0
637568461 99.8055 0.194362 514 2.21897
637633997 99.7912 0.208552 479 2.4357
637568465 94.6392 1.02278 485 1.32904
637634001 95.3608 1.0678 388 1.5782
637568469 0 0 466 0
637634005 0 0 503 0
637568473 95.9144 0.873149 514 1.37478
637634009 97.4684 0.721513 474 1.75869
637568477 0 0 541 0
637634013 0 0 473 0
637571149 95.9227 0.916119 466 1.59444
637636685 98.9035 0.48767 456 1.64466
637571153 97.2366 0.681234 579 1.38612
637636689 94.5534 1.05924 459 1.56863
637571157 97.5926 0.659609 540 1.64767
637636693 98.0806 0.60111 521 1.70627
637571161 97.6789 0.662217 517 1.44389
637636697 98.7952 0.535556 415 1.92638
637571165 96.4706 0.817078 510 1.64418
637636701 97.3171 0.798007 410 2.02664
637571277 91.2752 1.33475 447 1.37849
637636813 96.6752 0.906676 391 1.40541
637571281 0 0 571 0
637636817 0 0 444 0
637571285 0 0 532 0
637636821 0 0 523 0
637571289 86.4469 1.46487 546 1.32743
637636825 58.8785 2.37843 428 1.18373
637571293 95.9091 0.944308 440 1.3617
637636829 99.0148 0.490178 406 1.57419
637571405 0 0 464 0
637636941 0 0 403 0
637571409 0 0 459 0
637636945 0 0 386 0
637571413 98.2524 0.577412 515 1.58464
637636949 97.7528 0.641378 534 1.78583
637571417 97.3545 0.67397 567 1.51524
637636953 97.8208 0.718434 413 1.57143
637571421 93.5223 1.1074 494 1.56648
637636957 98.5169 0.556369 472 2.07557
637571533 99.6078 0.276753 510 1.72654
637637069 99.0172 0.48898 407 2.01033
637571537 0 0 557 0
637637073 0 0 499 0
637571541 0 0 457 0
637637077 0 0 592 0
637571545 97.9381 0.645259 485 1.32496
637637081 96.9945 0.89246 366 1.54568
637571549 97.2222 0.732009 504 1.41096
637637085 98.3945 0.601933 436 1.5122
637571661 96.124 0.849731 516 1.54439
637637197 97.5962 0.75097 416 1.94355
637571665 0 0 569 0
637637201 0 0 459 0
637571669 0 0 567 0
637637205 0 0 570 0
637571673 97.7143 0.652244 525 1.5353
637637209 99.5662 0.306104 461 1.77043
637571677 95.7854 0.879409 522 1.54754
637637213 97.549 0.76551 408 1.71245
637571789 0 0 495 0
637637325 0 0 413 0
637571793 0 0 562 0
637637329 0 0 425 0
637571797 0 0 515 0
637637333 0 0 556 0
637571801 97.3641 0.650235 607 1.45078
637637337 90.6383 1.34364 470 1.67068
637571805 97.8304 0.647031 507 1.51607
637637341 98.1579 0.689808 380 1.54167
637571917 92.7536 1.17965 483 1.95741
637637453 98.7775 0.543363 409 2.31847
637571921 96.8045 0.762536 532 1.37148
637637457 97.5169 0.73932 443 1.71888
637571925 98.2524 0.577412 515 1.73111
637637461 98.6348 0.47936 586 2.02174
637571929 0 0 522 0
637637465 0 0 447 0
637571933 98.2107 0.591062 503 1.5596
637637469 98.731 0.563918 394 1.98566
637572045 0 0 521 0
637637581 0 0 416 0
637572049 84.31 1.58133 529 1.33146
637637585 98.6487 0.547946 444 1.5674
637572053 0 0 517 0
637637589 0 0 597 0
637572057 0 0 532 0
637637593 0 0 441 0
637572061 97.5659 0.694053 493 1.66382
637637597 98.5577 0.584558 416 1.69136
637572173 97.1739 0.772661 460 1.67736
637637709 95.4869 1.01174 421 1.99333
637572177 0 0 256 0
637637713 0 0 230 0
637572181 94.518 0.989693 529 1.59464
637637717 95.583 0.863662 566 1.64959
637572185 83.2215 1.76742 447 1.64092
637637721 98.6207 0.559204 435 1.72673
637572189 97.4576 0.72453 472 1.39502
637637725 98.2587 0.652392 402 1.61895
637572301 0 0 519 0
637637837 0 0 430 0
637572305 0 0 556 0
637637841 0 0 452 0
637572309 95.3033 0.93592 511 1.51171
637637845 96.2963 0.812692 540 1.80822
637572313 97.6562 0.668607 512 1.62735
637637849 97.4943 0.74597 439 1.96976
637572317 0 0 507 0
637637853 0 0 434 0
637572429 96.8288 0.805725 473 1.64643
637637965 98.0815 0.671742 417 1.66307
637572433 55.2876 2.14158 539 1.3589
637637969 89.6552 1.46017 435 2.31713
637572437 0 0 508 0
637637973 0 0 577 0
637572441 97.561 0.695446 492 1.59964
637637977 96.7816 0.846196 435 1.78214
637572445 94.9698 0.980407 497 1.38858
637637981 99.7436 0.256083 390 2.3385
637572557 98.8212 0.478391 509 1.64716
637638093 97.4874 0.784497 398 1.81857
637572561 0 0 530 0
637638097 0 0 475 0
637572565 0 0 527 0
637638101 0 0 574 0
637572569 95.3815 0.940517 498 1.52575
637638105 92.1053 1.26278 456 1.80087
637572573 0 0 484 0
637638109 0 0 368 0
637567085 100 0 3 2
637632621 100 0 4 1.6
637567089 0 0 193 0
637632625 0 0 321 0
637567093 0 0 308 0
637632629 0 0 335 0
637567097 83.9378 2.64303 193 1.39459
637632633 46.7128 2.93481 289 1.37791
637567101 90 9.48683 10 1.77778
637632637 75 21.6506 4 1
637567213 100 0 4 1
637632749 100 0 2 1
637567217 0 0 194 0
637632753 0 0 308 0
637567221 97.0803 1.01709 274 1.53074
637632757 90.4412 1.78279 272 1.62718
637567225 96.3731 1.34577 193 1.42381
637632761 97.6667 0.871567 300 1.86866
637567229 100 0 21 1.69565
637632765 100 0 1 1.33333
637567341 96 2.77128 50 1.82812
637632877 84.375 2.13954 288 1.65799
637567345 0 0 191 0
637632881 0 0 281 0
637567349 99.2982 0.494471 285 1.50799
637632885 97.3154 0.93631 298 1.62963
637567353 97.235 1.11308 217 1.33051
637632889 94.3709 1.32628 302 1.51385
637567357 91.5254 3.6258 59 1.75758
637632893 90.0735 1.81306 272 1.47407
637567469 0 0 18 0
637633005 0 0 173 0
637567473 0 0 92 0
637633009 0 0 234 0
637567477 97.093 1.281 172 1.41341
637633013 98.895 0.777006 181 1.56701
637567481 0 0 95 0
637633017 0 0 172 0
637567485 100 0 17 1.375
637633021 99.3506 0.647239 154 1.58125
637567597 98.773 0.862276 163 1.54688
637633133 98.9011 0.546423 364 1.81707
637567601 82.973 1.95406 370 1.21053
637633137 77.0833 2.02215 432 1.36628
637567605 96.1883 0.906673 446 1.35443
637633141 92.6295 1.1662 502 1.40283
637567609 97.2145 0.868503 359 1.51662
637633145 94.8718 1.0196 468 1.5899
637567613 95.3757 1.59668 173 1.44898
637633149 96.3889 0.983292 360 1.73228
637567725 96.4286 1.75354 112 1.584
637633261 88.2353 3.90712 68 1.75
637567729 93.0168 1.347 358 1.56065
637633265 92.1875 1.26792 448 1.79287
637567733 97.053 0.749605 509 1.46468
637633269 97.1805 0.717668 532 1.58421
637567737 97.019 0.885316 369 1.62183
637633273 99.3492 0.374491 461 1.94542
637567741 96.8504 1.5498 127 1.54348
637633277 93.1507 2.95634 73 1.93814
637567853 0 0 8 0
637633389 0 0 3 0
637567857 97.7716 0.779035 359 1.69029
637633393 96.4206 0.878694 447 1.56133
637567861 0 0 517 0
637633397 0 0 530 0
637567865 99.449 0.388515 363 2.27833
637633401 92.3937 1.25387 447 1.93995
637567869 66.6667 19.245 6 1.25
637633405 0 0 0 0
637567981 83.3333 3.32008 126 1.22609
637633517 89.3617 4.49741 47 1.30357
637567985 96.3173 1.00242 353 1.504
637633521 97.2574 0.750162 474 1.7176
637567989 98.4375 0.548094 512 1.65854
637633525 90.8922 1.24045 538 1.80979
637567993 99.1781 0.47258 365 1.50372
637633529 96.6173 0.83124 473 1.69829
637567997 97.2603 1.35097 146 1.68098
637633533 98.1818 1.80158 55 2.19753
637568109 96.25 1.50195 160 1.42487
637633645 97.1014 0.90322 345 1.59494
637568113 96.5157 1.08247 287 1.62658
637633649 96.5358 0.878824 433 1.7382
637568117 89.6266 1.38885 482 1.26195
637633653 86.5169 1.478 534 1.45802
637568121 97.8462 0.805262 325 1.68715
637633657 98.0769 0.634832 468 1.68182
637568125 96 1.48131 175 1.51691
637633661 97.9695 0.710549 394 1.83759
637568237 96.7742 1.58668 124 1.39726
637633773 98.0431 0.612756 511 1.67598
637568241 88.4892 1.91415 278 1.59712
637633777 94.7005 1.07535 434 1.49889
637568245 98.2262 0.621558 451 1.53786
637633781 96.7093 0.762752 547 1.55294
637568249 0 0 357 0
637633785 0 0 454 0
637568253 81.5603 3.26593 141 1.38129
637633789 97.5659 0.694053 493 1.60236
637568365 97.3333 1.31543 150 1.48603
637633901 96.8523 0.859165 413 1.70753
637568369 97.1831 0.878147 355 1.66834
637633905 97.8541 0.67128 466 1.6819
637568373 85.8407 1.63983 452 1.42989
637633909 94.382 0.996469 534 1.55692
637568377 93.9024 1.32123 328 1.4548
637633913 96.2306 0.896819 451 1.65281
637568381 97.7273 1.29716 132 1.85093
637633917 84.4444 1.80095 405 1.76368
637568493 96.2963 2.56996 54 1.43836
637634029 98.7552 0.714206 241 1.5963
637568497 0 0 175 0
637634033 0 0 241 0
637568501 97.6526 1.0374 213 2.30894
637634037 93.4211 1.64185 228 1.46091
637568505 96.6887 1.45612 151 1.46067
637634041 97.4138 1.04207 232 1.49097
637568509 98.4127 1.57465 63 1.4875
637634045 81.7427 2.48848 241 1.48511
637571181 75 15.3093 8 1.5
637636717 100 0 1 1.66667
637571185 0 0 350 0
637636721 0 0 492 0
637571189 98.2178 0.588742 505 1.63873
637636725 97.1888 0.740701 498 1.69399
637571193 98.3287 0.676583 359 1.64921
637636729 96.1382 0.86868 492 1.65152
637571197 0 0 4 0
637636733 100 0 2 2
637571309 96.6942 1.62534 121 1.44531
637636845 97.5309 1.72425 81 2.12766
637571313 0 0 391 0
637636849 0 0 452 0
637571317 81.3278 1.77498 482 1.53812
637636853 92.2619 1.19018 504 1.65341
637571321 96.5517 0.939746 377 1.5187
637636857 96.0526 0.911856 456 1.49897
637571325 98.5185 1.03978 135 1.41781
637636861 97.3333 1.86031 75 1.82979
637571437 98.1366 1.06574 161 1.49189
637636973 98.0663 0.723769 362 1.78624
637571441 0 0 212 0
637636977 0 0 394 0
637571445 95.5882 0.94125 476 1.48141
637636981 95.8333 0.890097 504 1.54789
637571449 97.4619 0.792358 394 1.46192
637636985 94.802 1.10443 404 1.5162
637571453 98.7097 0.90649 155 1.6
637636989 97.7401 0.789911 354 1.61082
637571565 0 0 99 0
637637101 0 0 296 0
637571569 0 0 276 0
637637105 0 0 344 0
637571573 97.3941 0.909228 307 1.44785
637637109 97.4286 0.846051 350 1.43445
637571577 0 0 274 0
637637113 0 0 261 0
637571581 94.7368 2.09137 114 1.3985
637637117 96.5636 1.06786 291 1.56026
637571693 0 0 93 0
637637229 0 0 270 0
637571697 82.3009 2.53877 226 1.14692
637637233 0 0 322 2.63158
637571701 95.5621 1.12014 338 1.52841
637637237 97.6048 0.836631 334 1.42246
637571705 98.5915 0.807423 213 1.52586
637637241 97.8799 0.85632 283 1.66875
637571709 97.3684 1.83616 76 1.45455
637637245 98.6622 0.664406 299 1.68038
637571821 100 0 11 2
637637357 100 0 1 2
637571825 97.0339 1.10433 236 1.59846
637637361 97.9933 0.810967 299 1.73134
637571829 97.7124 0.854678 306 1.59302
637637365 96.2099 1.03107 343 1.50667
637571833 97.2 1.04338 250 1.5188
637637369 99.0446 0.548967 314 1.54624
637571837 90 9.48683 10 1.58333
637637373 100 0 3 1.33333
637571949 0 0 5 0
637637485 0 0 2 0
637571953 94.5 1.61206 200 1.42857
637637489 98.1424 0.751279 323 1.50142
637571957 0 0 316 0
637637493 0 0 330 0
637571961 98.0583 0.961401 206 1.34335
637637497 98.1073 0.765362 317 1.66055
637571965 100 0 7 2.125
637637501 66.6667 27.2166 3 1.5
637572077 94.6809 2.31467 94 1.5098
637637613 97.8723 0.941341 235 1.5597
637572081 94.3662 1.57986 213 1.23318
637637617 95.9016 1.26918 244 1.83513
637572085 96.6387 1.16827 238 1.54118
637637621 96.3455 1.08155 301 1.61194
637572089 98.3333 0.954198 180 1.49505
637637625 94.8819 1.3827 254 1.6679
637572093 0 0 85 0
637637629 0 0 247 0
637572333 95.3216 1.6149 171 1.32432
637637869 98.9247 0.478282 465 1.72617
637572337 0 0 375 0
637637873 0 0 497 0
637572341 97.619 0.67909 504 1.60329
637637877 86.1004 1.51998 518 1.62348
637572345 97.8979 0.786125 333 1.41274
637637881 97.5104 0.70969 482 1.62035
637572349 97.5 1.23428 160 1.56497
637637885 88.7387 1.50023 444 1.7765
637572589 95 1.98956 120 1.55072
637638125 100 0 46 1.89231
637572593 0 0 351 0
637638129 97.5717 0.723203 453 1.62474
637572597 98.0728 0.636178 467 1.516
637638133 96.9325 0.779779 489 2.04982
637572601 96.3277 0.99964 354 1.39096
637638137 97.8 0.655988 500 1.74576
637572605 100 0 141 1.6129
637638141 95.8904 2.32341 73 1.88421
637575661 0 0 114 0
637641197 0 0 301 0
637575665 96.5517 1.07148 290 1.40557
637641201 98.0337 0.735846 356 1.47101
637575669 99.0476 0.547233 315 1.54472
637641205 96.0688 0.96329 407 1.69068
637575673 0 0 256 0
637641209 0 0 299 0
637575677 96.7742 1.58668 124 1.53896
637641213 95.8175 1.23442 263 1.56311
637579757 0 0 25 0
637645293 0 0 115 0
637579761 98.7179 1.27381 78 1.28
637645297 93.8776 1.97736 147 1.23899
637579765 94.1176 2.32976 102 1.33594
637645301 97.3451 1.51231 113 1.67606
637579769 0 0 67 0
637645305 0 0 98 0
637579773 95.8333 4.07894 24 1.35
637645309 97.0588 1.67293 102 1.46032
