637566989 95.5455 0.622029 1100 1.66064
637632525 96.7705 0.600387 867 1.89149
637566993 96.9917 0.389022 1928 1.68649
637632529 95.9677 0.489953 1612 2.11264
637566997 94.8092 0.500452 1965 1.92809
637632533 98.9967 0.217846 2093 2.83917
637567001 98.3149 0.295365 1899 2.3819
637632537 93.0384 0.685334 1379 1.86222
637567005 98.7353 0.335856 1107 2.60783
637632541 99.2072 0.298442 883 2.91941
637567117 92.7614 0.774633 1119 1.68033
637632653 97.5027 0.514177 921 2.06402
637567121 0 0 1779 0
637632657 0 0 1603 0
637567125 0 0 1939 0
637632661 0 0 2168 0
637567129 95.4496 0.48506 1846 1.8597
637632665 94.7137 0.561335 1589 2.08664
637567133 96.2464 0.58967 1039 1.62263
637632669 94.4924 0.749674 926 1.77079
637567245 96.4117 0.571558 1059 1.75643
637632781 96.7742 0.589277 899 2.14588
637567249 0 0 1497 0
637632785 0 0 1294 0
637567253 94.4408 0.585979 1529 1.8508
637632789 95.992 0.439038 1996 1.91193
637567257 95.393 0.488058 1845 1.73953
637632793 96.9754 0.429907 1587 2.07041
637567261 96.134 0.565057 1164 1.56827
637632797 98.0063 0.452805 953 2.02828
637567373 94.5766 0.698597 1051 1.62198
637632909 97.9191 0.485348 865 2.07869
637567377 96.2513 0.436468 1894 2.03891
637632913 96.1278 0.478308 1627 2.19631
637567381 96.4264 0.456853 1651 1.72351
637632917 95.1072 0.465663 2146 1.81102
637567385 92.4077 0.692737 1462 1.65245
637632921 96.5465 0.500314 1332 1.83035
637567389 97.5133 0.464058 1126 1.63405
637632925 97.907 0.48814 860 2.04139
637567501 93.3032 0.751972 1105 1.7434
637633037 98.6095 0.398602 863 2.30532
637567505 96.1416 0.442788 1892 1.82341
637633041 94.8472 0.541134 1669 1.96594
637567509 0 0 1964 0
637633045 0 0 2144 0
637567513 97.5884 0.355135 1866 1.93282
637633049 94.9399 0.551236 1581 1.93515
637567517 0 0 0 0
637633053 0 0 0 0
637567629 96.3071 0.587903 1029 1.80389
637633165 97.7654 0.494066 895 1.99369
637567633 96.2323 0.435578 1911 1.81668
637633169 97.0403 0.42528 1588 2.11018
637567637 97.1569 0.367977 2040 2.00426
637633173 95.537 0.445226 2151 2.19391
637567641 95.5008 0.479732 1867 1.80169
637633177 89.3294 0.745519 1715 2.02465
637567645 95.9891 0.592421 1097 1.70309
637633181 93.8144 0.8153 873 1.83667
637567757 0 0 1099 0
637633293 0 0 979 0
637567761 97.2652 0.370479 1938 1.77949
637633297 97.342 0.39093 1693 1.90606
637567765 96.6964 0.409284 1907 1.87474
637633301 95.0788 0.472815 2093 1.97743
637567769 0 0 1766 0
637633305 0 0 1516 0
637567773 0 0 1175 0
637633309 0 0 1006 0
637567885 95.3402 0.643462 1073 1.68205
637633421 95.1691 0.745157 828 1.84487
637567889 0 0 1835 0
637633425 0 0 1564 0
637567893 94.0543 0.535379 1951 1.71055
637633429 93.5453 0.535323 2107 1.87347
637567897 96.378 0.428074 1905 2.18681
637633433 91.1521 0.716497 1571 1.77299
637567901 95.2135 0.76784 773 1.58886
637633437 96.1424 0.741796 674 2.15714
637568013 97.2553 0.494194 1093 1.81342
637633549 98.3713 0.417081 921 2.38338
637568017 95.5543 0.482858 1822 1.81942
637633553 96.1467 0.479852 1609 2.01555
637568021 71.0275 1.04401 1888 1.33096
637633557 58.3253 1.08467 2066 1.49304
637568025 95.5208 0.480521 1853 1.7477
637633561 95.8251 0.514897 1509 2.00515
637568029 89.7903 0.914149 1097 1.84475
637633565 98.427 0.417091 890 2.52626
637568141 95.2043 0.636776 1126 1.67097
637633677 96.7707 0.579985 929 2.76915
637568145 0 0 1871 0
637633681 0 0 1709 0
637568149 0 0 1945 0
637633685 0 0 2120 0
637568153 95.495 0.489151 1798 1.68275
637633689 96.5389 0.45443 1618 1.90188
637568157 95.4034 0.641391 1066 1.73379
637633693 95.1795 0.685987 975 2.13021
637568269 74.7989 1.2979 1119 1.83065
637633805 96.9526 0.577468 886 2.03368
637568273 0 0 1884 0
637633809 0 0 1575 0
637568277 95.4899 0.472505 1929 2.06937
637633813 93.0582 0.550454 2132 2.00951
637568281 94.0634 0.567322 1735 1.85027
637633817 96.6754 0.457739 1534 2.07898
637568285 94.4757 0.69906 1068 2.06814
637633821 98.467 0.421911 848 2.54968
637568397 95.9851 0.599855 1071 1.76669
637633933 96.9732 0.584547 859 2.23196
637568401 94.4321 0.54107 1796 1.65914
637633937 96.324 0.469698 1605 2.13425
637568405 94.3416 0.524025 1944 1.74626
637633941 73.273 0.96592 2099 1.45333
637568409 85.4232 0.806581 1914 1.67209
637633945 96.7862 0.43846 1618 2.05429
637568413 0 0 1104 0
637633949 97.3856 0.526636 918 2.21377
637569037 94.8462 0.637441 1203 1.55221
637634573 98.2759 0.414544 986 1.76004
637569041 96.0819 0.469204 1710 1.80122
637634577 97.6787 0.372172 1637 1.93257
637569045 82.4971 0.917844 1714 1.44724
637634581 75.935 0.995213 1845 1.38978
637569049 83.9563 0.880094 1739 1.77233
637634585 98.1481 0.353074 1458 1.89106
637569053 83.75 1.03113 1280 1.32004
637634589 0 0 981 0
637569165 94.2857 0.663187 1225 1.76967
637634701 98.1188 0.427496 1010 2.19702
637569169 0 0 1645 0
637634705 0 0 1622 0
637569173 0 0 1712 0
637634709 0 0 1935 0
637569177 81.1071 0.960203 1662 1.46138
637634713 90.6795 0.712899 1663 1.60396
637569181 75.3996 1.28347 1126 1.3586
637634717 97.7778 0.468486 990 1.90712
637569293 96.6192 0.539085 1124 1.70044
637634829 99.1968 0.282836 996 2.14324
637569297 0 0 1388 0
637634833 0 0 1363 0
637569301 0 0 1380 0
637634837 0 0 1713 0
637569305 78.6391 0.996979 1690 1.34533
637634841 97.9061 0.360667 1576 2.02365
637569309 96.5062 0.511644 1288 1.67204
637634845 98.1221 0.415957 1065 1.8418
637569421 85.1044 1.07303 1101 2.28103
637634957 97.1489 0.540818 947 1.97716
637569425 0 0 1699 0
637634961 93.791 0.589634 1675 1.65756
637569429 94.8242 0.570681 1507 1.70104
637634965 95.0343 0.499291 1893 1.77472
637569433 95.9881 0.534885 1346 1.56306
637634969 96.504 0.495704 1373 1.76585
637569437 0 0 1163 0
637634973 0 0 948 0
637569549 95.8298 0.583191 1175 1.67613
637635085 96.2227 0.60108 1006 1.88919
637569553 96.4434 0.450917 1687 1.90391
637635089 93.6489 0.596964 1669 2.11875
637569557 0 0 1717 0
637635093 0 0 1876 0
637569561 0 0 1669 0
637635097 0 0 1659 0
637569565 0 0 0 0
637635101 0 0 0 0
637569677 98.3607 0.383217 1098 1.9827
637635213 95.2381 0.677855 987 2.05587
637569681 95.7875 0.496324 1638 1.68069
637635217 97.2694 0.401455 1648 2.04034
637569685 0 0 1778 0
637635221 0 0 1882 0
637569689 96.862 0.424214 1689 2.11161
637635225 99.0549 0.235148 1693 2.8644
637569693 96.5737 0.513476 1255 1.61783
637635229 97.2136 0.528715 969 1.7785
637569805 97.1039 0.489429 1174 1.49139
637635341 94.9239 0.699417 985 1.95212
637569809 95.7176 0.487044 1728 1.74088
637635345 98.2029 0.319856 1725 1.77
637569813 99.3487 0.195725 1689 2.66253
637635349 94.9143 0.508336 1868 1.90324
637569817 95 0.531731 1680 1.7463
637635353 97.0328 0.426337 1584 1.85413
637569821 0 0 1220 0
637635357 0 0 1039 0
637569933 0 0 1102 0
637635469 0 0 974 0
637569937 0 0 1659 0
637635473 0 0 1558 0
637569941 97.1148 0.402095 1733 1.84822
637635477 94.9865 0.506674 1855 1.93869
637569945 95.5352 0.494124 1747 1.91726
637635481 97.6591 0.370436 1666 2.01408
637569949 90.175 1.09198 743 1.80905
637635485 96.4626 0.681364 735 1.84185
637570061 0 0 1144 0
637635597 0 0 1072 0
637570065 95.491 0.515698 1619 1.81574
637635601 97.3108 0.404545 1599 2.02184
637570069 55.9902 1.22727 1636 1.25516
637635605 59.5251 1.15341 1811 1.47256
637570073 92.5216 0.653937 1618 1.44309
637635609 98.0443 0.353546 1534 1.7925
637570077 77.6903 1.23142 1143 1.32059
637635613 99.0872 0.302868 986 2.59107
637570189 87.3786 0.944597 1236 1.44025
637635725 97.8593 0.462106 981 1.84392
637570193 0 0 1660 0
637635729 0 0 1720 0
637570197 0 0 1706 0
637635733 0 0 1896 0
637570201 74.7084 1.07699 1629 1.28315
637635737 80.8717 0.96768 1652 1.43665
637570205 96.0802 0.585928 1097 1.55263
637635741 97.4308 0.497341 1012 1.74087
637570317 92.8387 0.757391 1159 1.81468
637635853 98.4236 0.39097 1015 1.96766
637570321 0 0 1646 0
637635857 0 0 1570 0
637570325 96.3834 0.458385 1659 1.77634
637635861 93.8874 0.554724 1865 1.90464
637570329 90.2805 0.756568 1533 2.35939
637635865 98.8593 0.267324 1578 2.68212
637570333 87.3543 0.995352 1115 1.37819
637635869 96.822 0.57092 944 1.81699
637570445 95.864 0.603678 1088 1.70826
637635981 83.4764 1.21654 932 1.39774
637570449 96.0973 0.489848 1563 1.79117
637635985 93.4446 0.615489 1617 1.87293
637570453 96.3615 0.453605 1704 1.55163
637635989 96.2983 0.440509 1837 1.86255
637570457 97.2895 0.389972 1734 1.69315
637635993 97.3269 0.397569 1646 1.85752
637570461 93.4911 0.717209 1183 1.63181
637635997 0 0 1063 0
637567021 0 0 1666 0
637632557 0 0 724 0
637567025 0 0 1107 0
637599793 0 0 1092 0
637632561 0 0 919 0
637567029 97.7583 0.462161 1026 1.82817
637599797 95.9507 0.584823 1136 1.62385
637632565 97.8223 0.430771 1148 1.79339
637567033 82.5485 1.15334 1083 1.31447
637599801 97.346 0.494864 1055 1.87631
637632569 96.2791 0.64542 860 1.95016
637567037 96.4507 0.439162 1775 1.55039
637632573 97.2414 0.608279 725 1.63857
637567149 97.9381 0.340081 1746 1.5951
637632685 96.3738 0.698147 717 1.59795
637567153 97.1996 0.495868 1107 1.64692
637599921 98.9341 0.319661 1032 2.02958
637632689 97.2098 0.550195 896 2.05086
637567157 96.0357 0.614264 1009 1.55918
637599925 96.8376 0.511608 1170 1.69568
637632693 96.2437 0.549333 1198 1.71724
637567161 93.5393 0.75223 1068 1.71382
637599929 96.8032 0.556014 1001 1.70795
637632697 98.0638 0.465034 878 1.94326
637567165 97.4437 0.389371 1643 1.66958
637632701 96.8254 0.637644 756 1.97864
637567277 98.0048 0.343831 1654 1.91059
637632813 89.7574 1.11311 742 2.06519
637567281 98.4615 0.460282 715 1.45017
637600049 95.2869 0.678337 976 1.62985
637632817 97.2835 0.66983 589 1.70106
637567285 88.8889 1.12311 783 2.37327
637600053 99.5602 0.19623 1137 2.57863
637632821 92.4 0.837998 1000 2.32194
637567289 98.3813 0.378432 1112 1.76775
637600057 97.7429 0.465299 1019 2.01192
637632825 93.1475 0.86101 861 1.7861
637567293 95.6007 0.487045 1773 1.48399
637632829 32.4037 1.70554 753 1.82264
637567405 0 0 1444 0
637632941 0 0 737 0
637567409 89.008 0.935055 1119 1.41073
637600177 95.8291 0.637657 983 1.77749
637632945 98.1661 0.440682 927 2.16859
637567413 97.2222 0.517608 1008 1.65619
637600181 95.8262 0.583677 1174 1.62933
637632949 37.5313 1.39836 1199 1.77009
637567417 95.4068 0.758348 762 1.58371
637600185 98.4375 0.387561 1024 2.31106
637632953 99.179 0.36566 609 2.32859
637567421 95.4184 0.516771 1637 1.65329
637632957 98.9404 0.372636 755 1.84281
637567533 91.4286 0.682988 1680 1.47434
637633069 96.7168 0.659082 731 1.89535
637567537 96.7198 0.545289 1067 1.53933
637600305 98.0732 0.42667 1038 1.70767
637633073 96.5792 0.613766 877 1.84655
637567541 94.742 0.696463 1027 1.49076
637600309 95.202 0.620075 1188 1.66642
637633077 55.2491 1.48313 1124 1.43247
637567545 98.0734 0.41635 1090 1.78947
637600313 98.4064 0.395219 1004 1.86786
637633081 96.2627 0.638301 883 1.85136
637567549 0 0 1582 0
637633085 0 0 740 0
637567661 0 0 1232 0
637633197 0 0 584 0
637567665 78.8603 1.23784 1088 1.46446
637600433 79.3103 1.29004 986 1.51066
637633201 90.3341 1.02076 838 1.55909
637567669 0 0 1049 0
637600437 0 0 1161 0
637633205 0 0 1100 0
637567673 96.8809 0.53443 1058 1.71152
637600441 96.9398 0.541156 1013 1.92481
637633209 95.4955 0.695999 888 1.76845
637567677 97.0123 0.412064 1707 1.65933
637633213 96.129 0.692925 775 1.76271
637567789 98.5139 0.30108 1615 1.8494
637633325 78.3818 1.46362 791 1.59063
637567793 71.9111 1.33995 1125 1.27478
637600561 80.0971 1.24408 1030 1.32338
637633329 73.3564 1.50143 867 1.52297
637567797 0 0 1027 0
637600565 0 0 1145 0
637633333 0 0 1156 0
637567801 96.9802 0.502681 1159 1.56059
637600569 96.3235 0.609906 952 1.7416
637633337 98.0861 0.547176 627 1.83289
637567805 95.7407 0.501716 1620 1.58384
637633341 97.0549 0.618585 747 1.84887
637567917 97.3568 0.402424 1589 1.79596
637633453 94.3069 0.815154 808 1.8941
637567921 95.0094 0.668185 1062 1.59307
637600689 96.8222 0.552756 1007 1.71721
637633457 98.0099 0.492537 804 1.93269
637567925 96.5622 0.579358 989 1.70544
637600693 96.7213 0.509837 1220 1.98156
637633461 98.0465 0.422102 1075 1.94872
637567929 96.0109 0.589265 1103 1.61839
637600697 97.4411 0.50518 977 1.79789
637633465 96.7742 0.599707 868 1.68233
637567933 0 0 1578 0
637633469 0 0 790 0
637568045 98.6293 0.283841 1678 2.01118
637633581 97.3046 0.594535 742 2.04021
637568049 96.8451 0.540461 1046 1.43815
637600817 94.0145 0.762057 969 1.73511
637633585 97.6303 0.523558 844 1.82992
637568053 63.4558 1.51751 1007 1.25566
637600821 64.5512 1.44034 1103 1.45304
637633589 66.6087 1.3907 1150 1.3435
637568057 84.1226 1.11362 1077 1.41411
637600825 97.0179 0.536276 1006 1.68945
637633593 97.3301 0.561575 824 1.7266
637568061 96.1368 0.484984 1579 1.51088
637633597 97.0793 0.627977 719 2.22649
637568173 98.3529 0.308691 1700 1.68678
637633709 98.4476 0.444645 773 1.76951
637568177 98.2424 0.399669 1081 1.69184
637600945 97.0958 0.522469 1033 1.53498
637633713 97.1397 0.552867 909 1.696
637568181 95.6731 0.63091 1040 1.55365
637600949 96.5753 0.532133 1168 1.55828
637633717 89.7163 0.90439 1128 1.68948
637568185 96.8211 0.528727 1101 1.55386
637600953 96.1614 0.602752 1016 1.57456
637633721 98.2652 0.459611 807 1.67059
637568189 95.8788 0.489364 1650 1.76698
637633725 98.4035 0.47751 689 2.1642
637568301 95.1744 0.516738 1720 1.60737
637633837 96.9935 0.61741 765 2.11614
637568305 47.3171 1.55949 1025 1.17161
637601073 83.5443 1.15699 1027 1.3835
637633841 86.7215 1.16325 851 1.3216
637568309 74.1968 1.38644 996 1.21072
637601077 75.6757 1.26683 1147 1.32004
637633845 88.294 0.968454 1102 1.5156
637568313 95.2709 0.666246 1015 1.45238
637601081 96.2626 0.602829 990 1.63307
637633849 95.2663 0.730538 845 1.79626
637568317 97.7668 0.368029 1612 1.6605
637633853 96.8843 0.669231 674 1.83682
637568429 91.8012 0.683731 1610 1.49941
637633965 98.5115 0.445447 739 2.19515
637568433 95.0467 0.663319 1070 1.61405
637601201 96.994 0.540508 998 1.8349
637633969 97.0726 0.576847 854 1.80957
637568437 94.9754 0.685685 1015 1.56941
637601205 94.6714 0.66934 1126 1.7572
637633973 97.6583 0.445356 1153 1.75824
637568441 96.3153 0.551456 1167 1.43513
637601209 95.549 0.648587 1011 1.61917
637633977 82.02 1.27936 901 1.90342
637568445 98.121 0.329034 1703 1.70175
637633981 97.8008 0.527493 773 1.68098
637569069 0 0 784 0
637601837 0 0 1070 0
637634605 0 0 530 0
637569073 0 0 1629 0
637634609 0 0 1593 0
637569077 98.5075 0.308884 1541 2.13424
637634613 98.1807 0.329119 1649 2.11123
637569081 95.1125 0.546758 1555 1.48141
637634617 98.2119 0.341026 1510 1.89483
637569085 96.3384 0.66738 792 1.55753
637601853 81.048 1.15823 1145 1.85259
637634621 98.0392 0.613945 510 1.73846
637569197 98.3565 0.452061 791 1.78694
637601965 96.2791 0.577282 1075 2.11184
637634733 98.6487 0.5073 518 2.09443
637569201 96.464 0.459997 1612 1.5422
637634737 95.894 0.51064 1510 1.64982
637569205 96.6843 0.461065 1508 1.62449
637634741 96.6783 0.432598 1716 1.74821
637569209 96.3059 0.480173 1543 2.02922
637634745 92.4477 0.686145 1483 1.68321
637569213 97.1069 0.594459 795 1.7735
637601981 96.8032 0.556014 1001 1.71577
637634749 97.4359 0.676442 546 1.91871
637569325 95.8853 0.701388 802 1.53899
637602093 89.7738 0.950103 1017 2.00366
637634861 97.2222 0.707188 540 1.88154
637569329 94.956 0.619254 1249 1.4907
637634865 95.9492 0.555623 1259 1.59129
637569333 97.6035 0.41215 1377 1.92643
637634869 88.3737 0.830963 1488 1.55228
637569337 0 0 1661 0
637634873 0 0 1486 0
637569341 80.6792 1.35103 854 1.58755
637602109 97.5546 0.456455 1145 1.89248
637634877 95.7486 0.867427 541 1.99522
637569453 0 0 719 0
637602221 0 0 909 0
637634989 0 0 525 0
637569457 0 0 1644 0
637634993 97.4898 0.407458 1474 2.29218
637569461 0 0 1525 0
637634997 0 0 1752 0
637569465 94.0387 0.646317 1342 1.41823
637635001 95.1317 0.607962 1253 1.49857
637569469 0 0 786 0
637602237 0 0 998 0
637635005 0 0 544 0
637569581 96.402 0.656005 806 1.58986
637602349 96.9611 0.528987 1053 1.89292
637635117 98.2922 0.564378 527 1.85065
637569585 97.4763 0.393958 1585 1.57773
637635121 97.3667 0.410844 1519 1.81286
637569589 99.0298 0.249298 1546 2.11179
637635125 97.6773 0.372396 1636 2.0528
637569593 96.1514 0.4872 1559 1.53027
637635129 0 0 1487 0
637569597 95.6153 0.770061 707 1.48079
637602365 96.6469 0.565322 1014 1.74747
637635133 97.7099 0.653475 524 1.94961
637569709 97.891 0.602351 569 1.68571
637602477 95.6522 0.740223 759 1.8255
637635245 98.301 0.636694 412 1.90335
637569713 96.6355 0.45008 1605 1.54196
637635249 95.8532 0.519823 1471 1.69358
637569717 93.9356 0.599887 1583 1.89977
637635253 95.0156 0.54321 1605 1.54954
637569721 95.675 0.520735 1526 1.62677
637635257 95.7011 0.521631 1512 1.83009
637569725 97.8622 0.498462 842 1.67421
637602493 96.3103 0.579821 1057 1.70154
637635261 88.2136 1.38375 543 1.68903
637569837 97.6485 0.533087 808 1.57833
637602605 97.0588 0.520425 1054 1.68069
637635373 97.188 0.693033 569 1.63957
637569841 0 0 1613 0
637635377 0 0 1495 0
637569845 97.3531 0.407864 1549 1.8472
637635381 91.2913 0.69101 1665 1.74047
637569849 95.3615 0.516207 1660 1.55638
637635385 97.9708 0.401705 1232 1.84407
637569853 96.1057 0.721481 719 1.42133
637602621 96.9302 0.526112 1075 1.75527
637635389 96.6543 0.77529 538 1.70597
637569965 96.9822 0.633621 729 1.53268
637602733 95.9885 0.60644 1047 1.72351
637635501 98.1067 0.565418 581 1.76496
637569969 93.5665 0.613179 1601 1.63736
637635505 96.8641 0.460083 1435 1.97679
637569973 0 0 1565 0
637635509 0 0 1612 0
637569977 95.8672 0.498083 1597 1.72273
637635513 93.3924 0.648359 1468 1.75495
637569981 95.8564 0.740683 724 1.60556
637602749 82.9435 1.17426 1026 1.31434
637635517 96.9589 0.726284 559 1.67699
637570093 98.739 0.396251 793 1.71959
637602861 97.8444 0.444598 1067 1.71463
637635629 96.0076 0.853644 526 1.77167
637570097 96.9833 0.433341 1558 1.52163
637635633 94.7442 0.590722 1427 1.64232
637570101 62.3853 1.24006 1526 1.15281
637635637 57.8205 1.25034 1560 1.37467
637570105 87.9377 0.829392 1542 1.76647
637635641 98.1742 0.354793 1424 2.06212
637570109 96.8835 0.639635 738 1.53082
637602877 97.4824 0.497146 993 1.63362
637635645 98.8281 0.475605 512 1.71069
637570221 97.1814 0.579382 816 1.62108
637602989 96.878 0.534927 1057 1.867
637635757 98.3486 0.545895 545 1.83639
637570225 95.3787 0.531893 1558 1.79734
637635761 97.0199 0.437582 1510 1.96134
637570229 96.0604 0.49848 1523 1.57418
637635765 96.1995 0.465945 1684 1.86212
637570233 97.299 0.406298 1592 1.62824
637635769 95.7895 0.53201 1425 1.75704
637570237 96.9287 0.604745 814 1.54933
637603005 98.0257 0.437094 1013 1.5796
637635773 87.7637 1.5052 474 1.8486
637570349 97.7968 0.513543 817 1.5044
637603117 97.7337 0.457332 1059 1.79119
637635885 97.3881 0.688894 536 1.79601
637570353 96.3887 0.478074 1523 1.59854
637635889 97.4588 0.41243 1456 1.78837
637570357 93.1535 0.664124 1446 1.57627
637635893 93.0884 0.632942 1606 1.67032
637570361 97.5084 0.404478 1485 1.80385
637635897 89.121 0.835774 1388 1.65728
637570365 98.5621 0.430417 765 1.56988
637603133 96.474 0.577206 1021 1.65596
637635901 97.0721 0.800085 444 1.82169
637570477 97.1033 0.595197 794 1.4965
637603245 96.4321 0.583943 1009 1.64813
637636013 98.5294 0.516095 544 1.74028
637570481 91.4452 0.712035 1543 1.65028
637636017 84.3019 0.940223 1497 1.51877
637570485 95.6982 0.521968 1511 1.6493
637636021 95.8509 0.489024 1663 1.67761
637570489 0 0 1667 0
637636025 95.2131 0.546689 1525 1.66069
637570493 99.1379 0.324424 812 1.86389
637603261 97.8887 0.445358 1042 1.78803
637636029 90.5028 1.26515 537 1.44857
637567053 97.5443 0.571654 733 1.55897
637632589 97.7636 0.590987 626 1.73971
637567057 97.21 0.631081 681 1.66195
637632593 78.2884 1.64127 631 1.33752
637567061 97.4803 0.621935 635 1.4743
637632597 97.1631 0.625283 705 1.58301
637567065 90.6486 1.13074 663 1.61593
637632601 98.5891 0.49531 567 1.87912
637567069 0 0 678 0
637632605 0 0 705 0
637567181 92.9448 1.00287 652 1.42098
637632717 95.1104 0.856457 634 1.44756
637567185 0 0 683 0
637632721 0 0 586 0
637567189 98.6405 0.450081 662 1.53997
637632725 74.9621 1.68763 659 1.35775
637567193 96.2109 0.774974 607 1.44635
637632729 98.4429 0.514974 578 1.61094
637567197 98.1955 0.516196 665 1.66081
637632733 94.01 0.967974 601 1.46761
637567309 94.835 0.838306 697 1.44327
637632845 96.3837 0.740301 636 1.4403
637567313 0 0 495 0
637632849 0 0 451 0
637567317 98.5737 0.472033 631 1.79094
637632853 58.8889 1.83371 720 1.50218
637567321 96.9402 0.642295 719 1.41491
637632857 95.3321 0.893822 557 1.625
637567325 97.017 0.641152 704 1.42397
637632861 96.4912 0.734831 627 1.44427
637567437 98.2201 0.531873 618 1.52143
637632973 94.5794 0.978912 535 1.52028
637567441 0 0 664 0
637632977 0 0 614 0
637567445 0 0 643 0
637632981 0 0 741 0
637567449 95.6522 0.886657 529 1.34635
637632985 97.5771 0.721629 454 1.5502
637567453 86.2538 1.33829 662 1.27427
637632989 99.2026 0.355205 627 1.80654
637567565 85.9091 1.35431 660 1.19969
637633101 96.1102 0.778404 617 1.56075
637567569 0 0 643 0
637633105 0 0 566 0
637567573 0 0 625 0
637633109 0 0 656 0
637567577 95.9016 0.8027 610 1.42152
637633113 98.9779 0.415152 587 2.34215
637567581 96.672 0.714053 631 1.57797
637633117 96.8284 0.756939 536 1.63122
637567693 0 0 672 0
637633229 0 0 597 0
637567697 0 0 685 0
637633233 0 0 560 0
637567701 0 0 639 0
637633237 0 0 635 0
637567705 95.7096 0.823174 606 1.6793
637633241 89.661 1.25347 590 1.60071
637567709 0 0 673 0
637633245 0 0 619 0
637567821 79.6537 1.52925 693 1.62717
637633357 79.3867 1.66966 587 1.46463
637567825 98.3359 0.497566 661 1.63311
637633361 96.769 0.71071 619 1.56632
637567829 98.6364 0.451435 660 1.60996
637633365 96.1538 0.739645 676 1.73144
637567833 96.0848 0.78338 613 1.55959
637633369 95.6204 0.874179 548 1.50083
637567837 98.705 0.428851 695 1.50904
637633373 94.9606 0.868107 635 1.67164
637567949 86.9427 1.34451 628 1.23002
637633485 97.0634 0.663743 647 1.77875
637567953 96.2025 0.760294 632 1.49093
637633489 95.8692 0.825599 581 1.70487
637567957 0 0 687 0
637633493 0 0 706 0
637567961 98.9614 0.390501 674 1.91304
637633497 86.9482 1.47587 521 1.70138
637567965 98.7597 0.435788 645 1.70483
637633501 95.068 0.892974 588 1.58643
637568077 98.4496 0.48646 645 1.73669
637633613 98.8854 0.418943 628 2.02794
637568081 0 0 639 0
637633617 0 0 553 0
637568085 60.8065 1.96059 620 1.3122
637633621 67.2926 1.85591 639 1.31548
637568089 98.5 0.496236 600 1.62968
637633625 67.0086 1.94396 585 1.64216
637568093 0 0 620 0
637633629 0 0 575 0
637568205 0 0 665 0
637633741 0 0 586 0
637568209 0 0 612 0
637633745 0 0 600 0
637568213 94.3049 0.948489 597 1.5828
637633749 80.9595 1.52023 667 1.59277
637568217 92.7959 1.07083 583 1.63509
637633753 96.6805 0.815985 482 1.66
637568221 96.6967 0.692537 666 1.54184
637633757 94.3987 0.933327 607 1.48923
637568333 0 0 665 0
637633869 0 0 612 0
637568337 0 0 578 0
637633873 0 0 569 0
637568341 0 0 582 0
637633877 0 0 658 0
637568345 92.5 1.07529 600 1.52469
637633881 94.5736 0.997274 516 1.66606
637568349 0 0 628 0
637633885 0 0 604 0
637568461 99.5542 0.256788 673 2.2458
637633997 99.5106 0.281861 613 2.53582
637568465 97.0126 0.675046 636 1.38804
637634001 96.3031 0.811219 541 1.52284
637568469 0 0 609 0
637634005 0 0 677 0
637568473 94.9695 0.853386 656 1.4077
637634009 97.7273 0.623137 572 1.784
637568477 0 0 696 0
637634013 0 0 653 0
637571149 96.8852 0.703357 610 1.60795
637636685 98.3936 0.563377 498 1.65523
637571153 96.496 0.675052 742 1.44643
637636689 92.5297 1.08331 589 1.66563
637571157 97.3561 0.632696 643 1.64074
637636693 98.7106 0.427019 698 1.73797
637571161 97.3545 0.583675 756 1.49309
637636697 97.8456 0.615185 557 1.90093
637571165 96.8366 0.733742 569 1.67593
637636701 98.75 0.469493 560 2.02937
637571277 90.2326 1.16894 645 1.34532
637636813 95.8929 0.838627 560 1.44601
637571281 0 0 716 0
637636817 0 0 568 0
637571285 0 0 668 0
637636821 0 0 713 0
637571289 86.2994 1.29228 708 1.27544
637636825 60.7321 1.99201 601 1.1387
637571293 95.6318 0.807276 641 1.42877
637636829 98.3264 0.586748 478 1.64093
637571405 0 0 651 0
637636941 0 0 510 0
637571409 0 0 608 0
637636945 0 0 480 0
637571413 97.3254 0.62192 673 1.54813
637636949 97.6389 0.565853 720 1.71945
637571417 97.4965 0.582642 719 1.5485
637636953 96.8067 0.720796 595 1.56391
637571421 94.2275 0.960977 589 1.59729
637636957 98.4301 0.492521 637 2.03973
637571533 99.5427 0.263428 656 1.86753
637637069 98.1092 0.624265 476 1.92606
637571537 0 0 709 0
637637073 0 0 566 0
637571541 0 0 674 0
637637077 0 0 748 0
637571545 96.3691 0.727567 661 1.32353
637637081 96.3928 0.834753 499 1.5009
637571549 96.6102 0.710359 649 1.45298
637637085 96.9582 0.748801 526 1.56933
637571661 94.9349 0.834198 691 1.54892
637637197 98.0989 0.595451 526 1.82026
637571665 0 0 671 0
637637201 0 0 605 0
637571669 0 0 666 0
637637205 0 0 750 0
637571673 97.4531 0.576814 746 1.50058
637637209 100 0 558 1.86271
637571677 95.8264 0.81712 599 1.5241
637637213 97.9554 0.610139 538 1.79417
637571789 0 0 655 0
637637325 0 0 556 0
637571793 0 0 696 0
637637329 0 0 583 0
637571797 0 0 700 0
637637333 0 0 743 0
637571801 95.6215 0.768998 708 1.49696
637637337 90.5336 1.21454 581 1.64869
637571805 97.454 0.592403 707 1.47896
637637341 97.8151 0.599319 595 1.5372
637571917 92.437 0.989513 714 1.93378
637637453 98.4466 0.544927 515 2.39667
637571921 95.9945 0.728759 724 1.39558
637637457 98.7805 0.458113 574 1.67916
637571925 97.9739 0.535971 691 1.78831
637637461 98.3146 0.482414 712 2.01027
637571929 0 0 804 0
637637465 0 0 573 0
637571933 98.151 0.528802 649 1.60543
637637469 97.137 0.754132 489 1.88421
637572045 0 0 667 0
637637581 0 0 487 0
637572049 85.1906 1.3601 682 1.27116
637637585 97.4832 0.6416 596 1.58866
637572053 0 0 696 0
637637589 0 0 759 0
637572057 0 0 757 0
637637593 0 0 639 0
637572061 97.6599 0.597099 641 1.71507
637637597 98.6328 0.513204 512 1.81908
637572173 95.0479 0.867117 626 1.60511
637637709 94.6197 0.971854 539 1.96321
637572177 0 0 299 0
637637713 0 0 302 0
637572181 62.1988 1.88174 664 1.37113
637637717 61.1919 1.85786 688 1.35926
637572185 84.3373 1.41045 664 1.58971
637637721 97.5694 0.641651 576 1.68778
637572189 96.5636 0.75509 582 1.48341
637637725 98.3903 0.564501 497 1.53938
637572301 0 0 711 0
637637837 0 0 602 0
637572305 0 0 676 0
637637841 0 0 584 0
637572309 96.3483 0.702957 712 1.47821
637637845 97.0207 0.611898 772 1.72684
637572313 96.2264 0.725963 689 1.60931
637637849 97.1581 0.700311 563 1.8903
637572317 0 0 669 0
637637853 0 0 552 0
637572429 97.7199 0.602403 614 1.57222
637637965 96.7298 0.737872 581 1.80734
637572433 57.8644 1.8757 693 1.34702
637637969 87.372 1.37216 586 2.1578
637572437 0 0 659 0
637637973 0 0 650 0
637572441 97.0458 0.650751 677 1.59872
637637977 97.6351 0.624518 592 1.81748
637572445 94.3363 0.972447 565 1.37441
637637981 99.3976 0.346753 498 2.33449
637572557 97.8495 0.568541 651 1.64113
637638093 96.7619 0.772533 525 1.72951
637572561 0 0 719 0
637638097 0 0 578 0
637572565 0 0 688 0
637638101 0 0 745 0
637572569 96.0437 0.719995 733 1.59518
637638105 94.8505 0.90075 602 1.65644
637572573 0 0 584 0
637638109 0 0 554 0
637567085 50 35.3553 2 1
637632621 100 0 3 3.25
637567089 0 0 244 0
637632625 0 0 442 0
637567093 0 0 410 0
637632629 0 0 433 0
637567097 84.2324 2.34755 241 1.32489
637632633 54.4794 2.45045 413 1.15
637567101 85.7143 13.226 7 2.5
637632637 100 0 1 1
637567213 93.3333 6.44061 15 1.46667
637632749 75 21.6506 4 1.33333
637567217 0 0 256 0
637632753 0 0 426 0
637567221 96.7568 0.920936 370 1.61965
637632757 79.6834 2.06676 379 1.72571
637567225 94.4186 1.5656 215 1.32328
637632761 96.5831 0.867025 439 1.66385
637567229 100 0 13 1.71429
637632765 100 0 1 2
637567341 100 0 75 1.84375
637632877 83.0882 1.85581 408 1.67742
637567345 0 0 242 0
637632881 0 0 351 0
637567349 98.0769 0.719832 364 1.57531
637632885 95.5844 1.04703 385 1.75837
637567353 98.3607 0.812925 244 1.44944
637632889 97.0075 0.850842 401 1.65169
637567357 88.5714 3.80271 70 1.8427
637632893 89.7222 1.60047 360 1.57382
637567469 0 0 19 0
637633005 0 0 214 0
637567473 0 0 95 0
637633009 0 0 313 0
637567477 96.9697 1.12786 231 1.47414
637633013 96.4126 1.24539 223 1.69456
637567481 0 0 107 0
637633017 0 0 216 0
637567485 100 0 24 1.71875
637633021 95.283 1.45604 212 1.30556
637567597 97.8448 0.95338 232 1.65267
637633133 98.2283 0.585296 508 1.82914
637567601 85.1016 1.69175 443 1.31235
637633137 80.6897 1.63904 580 1.27869
637567605 96.2906 0.743008 647 1.36107
637633141 93.6909 0.965582 634 1.48669
637567609 96.2389 0.894873 452 1.50628
637633145 96.6159 0.743793 591 1.52932
637567613 96.0199 1.37889 201 1.47111
637633149 94.7368 1.06817 437 1.69002
637567725 96.1749 1.41784 183 1.50754
637633261 86 3.46987 100 1.81481
637567729 92.2925 1.18567 506 1.61284
637633265 89.9329 1.2325 596 1.79139
637567733 97.1299 0.648926 662 1.46207
637633269 96.6127 0.694242 679 1.56389
637567737 94.206 1.08227 466 1.62552
637633273 99.1611 0.373602 596 1.91641
637567741 96.6851 1.33069 181 1.42857
637633277 98.9247 1.06947 93 1.61207
637567853 0 0 5 0
637633389 0 0 2 0
637567857 96.7532 0.824587 462 1.59674
637633393 97.5155 0.613354 644 1.60895
637567861 0 0 664 0
637633397 0 0 691 0
637567865 98.9059 0.486609 457 2.35573
637633401 92.6518 1.04287 626 1.93344
637567869 66.6667 27.2166 3 3.5
637633405 100 0 1 2
637567981 75.974 3.44281 154 1.31298
637633517 93.1034 2.71668 87 1.56481
637567985 96.0177 0.919758 452 1.39876
637633521 96.6917 0.693561 665 1.63459
637567989 98.5735 0.447881 701 1.72229
637633525 92.2849 1.0278 674 1.80548
637567993 96.8 0.787096 500 1.49355
637633529 95.8333 0.815788 600 1.6947
637567997 97.0414 1.3034 169 1.6383
637633533 96 2.26274 75 2.14151
637568109 96.4912 1.40709 171 1.41232
637633645 94.685 0.995311 508 1.61041
637568113 95.5504 0.997849 427 1.54933
637633649 96.5201 0.78432 546 1.75472
637568117 44.1899 2.00908 611 1.15756
637633653 42.8356 1.9218 663 1.36915
637568121 96.8293 0.865349 410 1.75814
637633657 97.7564 0.59286 624 1.78417
637568125 96.648 1.3453 179 1.55
637633661 96.6942 0.812671 484 1.66541
637568237 96.9512 1.34251 164 1.45078
637633773 98.0066 0.569668 602 1.67884
637568241 88.7931 1.691 348 1.56857
637633777 95.1923 0.93814 520 1.53578
637568245 97.0346 0.688511 607 1.48137
637633781 97.1125 0.652812 658 1.55708
637568249 0 0 418 0
637633785 0 0 589 0
637568253 83.2298 2.94439 161 1.57485
637633789 97.4227 0.656829 582 1.64763
637568365 99.4975 0.501249 199 1.4449
637633901 97.5564 0.669404 532 1.74916
637568369 95.7647 0.9769 425 1.58206
637633905 95.8266 0.801202 623 1.62819
637568373 88.1329 1.28642 632 1.41005
637633909 94.1704 0.905865 669 1.53398
637568377 94.8775 1.0404 449 1.50955
637633913 96.5058 0.749052 601 1.6354
637568381 96.6825 1.23294 211 1.73896
637633917 86.4706 1.51457 510 1.53175
637568493 92.7536 3.12105 69 1.375
637634029 99.3769 0.439191 321 1.57692
637568497 0 0 250 0
637634033 0 0 277 0
637568501 100 0 263 2.27129
637634037 93.0818 1.42304 318 1.56305
637568505 97.3799 1.05554 229 1.43636
637634041 96.9325 0.955031 326 1.50132
637568509 100 0 57 1.56579
637634045 83.0065 2.14702 306 1.46102
637571181 100 0 5 1.16667
637636717 100 0 1 2
637571185 0 0 499 0
637636721 0 0 645 0
637571189 97.3016 0.645571 630 1.61401
637636725 95.509 0.801321 668 1.73177
637571193 98.1378 0.58337 537 1.67591
637636729 95.3608 0.871854 582 1.73734
637571197 0 0 6 0
637636733 100 0 1 2
637571309 95.3488 1.60574 172 1.35393
637636845 96.4602 1.7383 113 2.23308
637571313 0 0 482 0
637636849 0 0 600 0
637571317 83.9546 1.47759 617 1.60611
637636853 88.4211 1.2408 665 1.65023
637571321 97.5 0.712609 480 1.44639
637636857 97.4138 0.659065 580 1.53655
637571325 95.2632 1.5411 190 1.49268
637636861 92.7083 2.65361 96 1.68293
637571437 97.0874 1.17163 206 1.66935
637636973 95.7404 0.909516 493 1.72744
637571441 0 0 300 0
637636977 0 0 534 0
637571445 97.1901 0.671862 605 1.48182
637636981 96.0725 0.754968 662 1.58143
637571449 95.8506 0.908376 482 1.3677
637636985 97.7509 0.616743 578 1.51613
637571453 99.5215 0.477324 209 1.63025
637636989 95.8237 0.963597 431 1.55165
637571565 0 0 139 0
637637101 0 0 337 0
637571569 0 0 329 0
637637105 0 0 437 0
637571573 97.3494 0.788524 415 1.4172
637637109 97.8632 0.668443 468 1.37791
637571577 0 0 303 0
637637113 0 0 351 0
637571581 98.125 1.07234 160 1.5914
637637117 97 0.852936 400 1.51878
637571693 0 0 118 0
637637229 0 0 347 0
637571697 84.3137 2.2774 255 1.20763
637637233 0.218341 0.218102 458 2.26087
637571701 96.4578 0.964882 367 1.45128
637637237 96.0094 0.948356 426 1.37053
637571705 97.7528 0.907045 267 1.51316
637637241 94.8229 1.15656 367 1.71465
637571709 93.6709 2.73943 79 1.65657
637637245 97.1989 0.873298 357 1.67828
637571821 100 0 14 1.82353
637637357 100 0 1 1
637571825 97.2112 1.03928 251 1.6087
637637361 96.1625 0.912691 443 1.64468
637571829 97.2222 0.825817 396 1.61149
637637365 95.4762 1.01409 420 1.48465
637571833 96.3235 1.14103 272 1.6039
637637369 97.8365 0.713311 416 1.63696
637571837 89.6552 5.65523 29 1.19231
637637373 83.3333 15.2145 6 1
637571949 0 0 6 0
637637485 0 0 6 0
637571953 96.7742 1.05778 279 1.42193
637637489 95.9811 0.954942 423 1.47391
637571957 0 0 419 0
637637493 0 0 417 0
637571961 97 0.984885 300 1.317
637637497 98.5437 0.590191 412 1.74371
637571965 80 17.8885 5 2
637637501 100 0 4 1.25
637572077 93.8462 2.10771 130 1.48299
637637613 97.1119 1.00624 277 1.6
637572081 91.7603 1.68278 267 1.26894
637637617 97.5831 0.844121 331 1.76613
637572085 96.793 0.951315 343 1.49206
637637621 94.0415 1.20486 386 1.72685
637572089 98.2332 0.783119 283 1.5538
637637625 97.076 0.911024 342 1.61436
637572093 0 0 112 0
637637629 0 0 278 0
637572333 95.4751 1.39815 221 1.3622
637637869 97.4182 0.657945 581 1.69316
637572337 0 0 452 0
637637873 0 0 646 0
637572341 98.38 0.484485 679 1.53476
637637877 89.2076 1.14684 732 1.66529
637572345 98.8142 0.48121 506 1.46898
637637881 97.8297 0.595361 599 1.56804
637572349 99.0385 0.676633 208 1.564
637637885 92.1902 1.10562 589 1.79588
637572589 97.4359 1.26551 156 1.3352
637638125 100 0 76 2.11111
637572593 0 0 503 0
637638129 98.5294 0.516095 544 1.7379
637572597 97.1901 0.671862 605 1.57315
637638133 96.4602 0.70966 678 1.9972
637572601 95.2586 0.98661 464 1.44856
637638137 98.0826 0.526669 678 1.782
637572605 98.913 0.764406 184 1.61905
637638141 93.1818 2.68694 88 1.74419
637575661 0 0 133 0
637641197 0 0 384 0
637575665 98.3193 0.680341 357 1.4204
637641201 96.875 0.822038 448 1.45298
637575669 97.8214 0.681403 459 1.64117
637641205 96.4356 0.825019 505 1.68213
637575673 0 0 332 0
637641209 0 0 409 0
637575677 98.6111 0.975249 144 1.4375
637641213 97.7401 0.789911 354 1.58373
637579757 0 0 27 0
637645293 0 0 118 0
637579761 97.4684 1.76734 79 1.30841
637645297 89.5604 2.26654 182 1.38863
637579765 98.4962 1.05529 133 1.41808
637645301 97.006 1.31877 167 1.67513
637579769 0 0 61 0
637645305 0 0 158 0
637579773 96.2963 3.63447 27 1.38462
637645309 98.4848 1.06323 132 1.66265
