637566989 94.3516 0.490736 2213 1.70066
637632525 95.9821 0.463899 1792 1.91009
637566993 96.7009 0.293717 3698 1.72007
637632529 95.7814 0.359354 3129 2.16856
637566997 94.2151 0.372687 3924 1.9544
637632533 97.2797 0.248047 4301 2.88314
637567001 96.7226 0.293018 3692 2.41207
637632537 92.99 0.482846 2796 1.89192
637567005 98.0322 0.293724 2236 2.67284
637632541 98.6157 0.274932 1806 2.90711
637567117 92.9924 0.55547 2112 1.73333
637632653 96.3862 0.443485 1771 2.09629
637567121 0 0 3674 0
637632657 0 0 3324 0
637567125 0 0 3754 0
637632661 0 0 4284 0
637567129 95.1874 0.349 3761 1.86115
637632665 95.0397 0.387163 3145 2.11568
637567133 95.5455 0.439841 2200 1.62901
637632669 93.8611 0.557036 1857 1.80749
637567245 95.7217 0.438792 2127 1.81474
637632781 96.9376 0.406557 1796 2.15295
637567249 0 0 2942 0
637632785 0 0 2556 0
637567253 93.5039 0.446409 3048 1.89023
637632789 95.5051 0.329252 3960 1.93411
637567257 94.8034 0.364207 3714 1.74063
637632793 96.1844 0.341603 3145 2.08064
637567261 94.892 0.448653 2408 1.57676
637632797 96.7091 0.411006 1884 2.02943
637567373 94.6161 0.488349 2136 1.69791
637632909 96.9054 0.414549 1745 2.08009
637567377 95.9542 0.321449 3757 2.0434
637632913 95.8565 0.350448 3234 2.2
637567381 94.7705 0.379456 3442 1.74042
637632917 94.9755 0.333951 4279 1.80068
637567385 93.1724 0.468358 2900 1.67512
637632921 95.9638 0.38224 2651 1.80443
637567389 96.3448 0.398646 2216 1.65454
637632925 97.6757 0.354454 1807 2.07453
637567501 94.0704 0.498681 2243 1.74816
637633037 97.9251 0.342215 1735 2.40874
637567505 96.2012 0.309423 3817 1.8209
637633041 94.6545 0.386565 3386 2.0141
637567509 0 0 3994 0
637633045 0 0 4277 0
637567513 95.5228 0.335612 3797 1.94
637633049 94.2587 0.400197 3379 1.90132
637567517 0 0 0 0
637633053 0 0 0 0
637567629 94.826 0.480393 2126 1.83653
637633165 97.9283 0.337034 1786 2.04386
637567633 94.9297 0.357455 3767 1.84317
637633169 96.4651 0.315625 3423 2.08298
637567637 95.979 0.310461 4004 2.02971
637633173 95.5832 0.311639 4347 2.15721
637567641 94.517 0.364387 3903 1.79761
637633177 88.1218 0.561752 3317 2.09005
637567645 95.8768 0.423229 2207 1.75
637633181 93.0626 0.603436 1773 1.87521
637567757 0 0 2198 0
637633293 0 0 1955 0
637567761 95.8516 0.330512 3640 1.76958
637633297 96.7472 0.306449 3351 1.94987
637567765 96.7197 0.280793 4024 1.95436
637633301 94.6796 0.345129 4229 1.99678
637567769 0 0 3781 0
637633305 0 0 3134 0
637567773 0 0 2323 0
637633309 0 0 1995 0
637567885 94.554 0.491688 2130 1.60934
637633421 93.8286 0.57523 1750 1.88365
637567889 0 0 3766 0
637633425 0 0 3396 0
637567893 92.2434 0.432275 3829 1.76884
637633429 93.5335 0.373744 4330 1.82833
637567897 96.106 0.314859 3775 2.26736
637633433 90.5879 0.509616 3283 1.74739
637567901 94.3372 0.586316 1554 1.62619
637633437 95.1735 0.588578 1326 2.11225
637568013 96.6319 0.392933 2108 1.8827
637633549 97.0471 0.403398 1761 2.37284
637568017 95.5842 0.340243 3646 1.81804
637633553 95.2502 0.3785 3158 2.04082
637568021 94.7748 0.351025 4019 3.16153
637633557 94.4958 0.351279 4215 3.04024
637568025 95.0498 0.355789 3717 1.76447
637633561 95.201 0.377321 3209 2.00332
637568029 89.4852 0.640722 2292 1.91797
637633565 97.9132 0.334967 1821 2.59926
637568141 94.939 0.465961 2213 1.67156
637633677 96.4531 0.425563 1889 2.74269
637568145 0 0 3656 0
637633681 0 0 3306 0
637568149 0 0 3885 0
637633685 0 0 4182 0
637568153 95.3714 0.344665 3716 1.74498
637633689 95.9761 0.348436 3181 1.94072
637568157 94.4274 0.480514 2279 1.7395
637633693 94.7749 0.524662 1799 2.13909
637568269 75.8651 0.895552 2283 1.80663
637633805 97.2048 0.393695 1753 2.1085
637568273 0 0 3762 0
637633809 0 0 3182 0
637568277 95.2331 0.343876 3839 2.05518
637633813 92.6612 0.399303 4265 2.00495
637568281 94.6024 0.384939 3446 1.89694
637633817 95.5577 0.368328 3129 2.10474
637568285 94.229 0.495149 2218 2.09626
637633821 97.944 0.33912 1751 2.53287
637568397 96.1772 0.414015 2145 1.79368
637633933 96.2381 0.450865 1781 2.19393
637568401 93.4818 0.409368 3636 1.67574
637633937 96.1329 0.344686 3129 2.15321
637568405 94.7168 0.356517 3937 1.81781
637633941 74.9824 0.662887 4269 1.48502
637568409 82.0298 0.631619 3695 1.71589
637633945 96.4286 0.327036 3220 2.07453
637568413 0 0 2258 0
637633949 96.7204 0.419908 1799 2.28842
637569037 94.1801 0.48254 2354 1.57915
637634573 97.8994 0.316961 2047 1.8579
637569041 95.8963 0.348456 3241 1.83859
637634577 96.7254 0.31281 3237 1.9436
637569045 81.6734 0.658294 3454 1.42831
637634581 75.894 0.696158 3775 1.40036
637569049 82.4096 0.660781 3320 1.78822
637634585 95.9532 0.360372 2990 1.89654
637569053 84.2339 0.731779 2480 1.42004
637634589 0 0 1999 0
637569165 95.1703 0.445204 2319 1.80389
637634701 97.9069 0.327473 1911 2.18495
637569169 0 0 3262 0
637634705 0 0 3387 0
637569173 0 0 3338 0
637634709 0 0 3816 0
637569177 79.1032 0.696038 3412 1.43857
637634713 89.8438 0.533993 3200 1.60615
637569181 77.9828 0.858425 2330 1.36072
637634717 96.6085 0.398426 2064 1.92416
637569293 95.8296 0.425636 2206 1.77738
637634829 98 0.309208 2050 2.17016
637569297 0 0 2736 0
637634833 0 0 2732 0
637569301 0 0 2773 0
637634837 0 0 3427 0
637569305 76.9019 0.736688 3273 1.37284
637634841 97.0331 0.299847 3202 2.06161
637569309 96.0591 0.378745 2639 1.66034
637634845 97.7294 0.323988 2114 1.88263
637569421 84.0521 0.776003 2226 2.24209
637634957 94.9921 0.50077 1897 1.98943
637569425 0 0 3386 0
637634961 93.9459 0.418075 3254 1.68149
637569429 94.3048 0.41338 3143 1.68716
637634965 94.5646 0.368264 3790 1.79251
637569433 95.1849 0.420179 2596 1.53448
637634969 95.8993 0.37611 2780 1.77512
637569437 0 0 2297 0
637634973 0 0 1962 0
637569549 95.6374 0.420375 2361 1.72746
637635085 96.0296 0.449264 1889 1.93518
637569553 96.4767 0.312042 3491 1.91306
637635089 93.0983 0.436261 3376 2.10098
637569557 0 0 3500 0
637635093 0 0 3766 0
637569561 0 0 3383 0
637635097 0 0 3408 0
637569565 0 0 0 0
637635101 0 0 0 0
637569677 97.5652 0.321376 2300 2.04939
637635213 94.813 0.495263 2005 2.13618
637569681 95.009 0.377585 3326 1.71296
637635217 97.2101 0.280741 3441 2.07407
637569685 0 0 3541 0
637635221 0 0 3797 0
637569689 96.0424 0.330156 3487 2.13164
637635225 97.9093 0.245512 3396 2.89573
637569693 95.1571 0.448402 2292 1.7038
637635229 96.0466 0.438694 1973 1.85392
637569805 96.4898 0.376216 2393 1.50964
637635341 94.2317 0.519895 2011 1.95479
637569809 95.0273 0.378526 3298 1.72912
637635345 96.7247 0.305745 3389 1.7573
637569813 97.9266 0.238517 3569 2.73773
637635349 93.9926 0.38742 3762 1.94725
637569817 94.6101 0.382359 3488 1.77969
637635353 96.8673 0.305284 3256 1.81741
637569821 0 0 2388 0
637635357 0 0 2044 0
637569933 0 0 2314 0
637635469 0 0 1956 0
637569937 0 0 3308 0
637635473 0 0 3376 0
637569941 95.721 0.346474 3412 1.85135
637635477 95.8476 0.323418 3805 1.95849
637569945 94.881 0.380202 3360 1.96304
637635481 96.8225 0.303679 3336 2.00242
637569949 89.9261 0.779999 1489 1.90503
637635485 95.7505 0.528094 1459 1.84677
637570061 0 0 2303 0
637635597 0 0 1937 0
637570065 96.4064 0.327604 3228 1.86937
637635601 97.0233 0.299257 3225 2.09866
637570069 98.4668 0.207039 3522 2.93629
637635605 92.5313 0.429347 3749 3.09109
637570073 92.8216 0.455035 3218 1.45438
637635609 97.3905 0.280981 3219 1.8443
637570077 78.096 0.848859 2374 1.27263
637635613 97.8618 0.322573 2011 2.59973
637570189 90.4762 0.602592 2373 1.47444
637635725 96.5947 0.397191 2085 1.86159
637570193 0 0 3243 0
637635729 0 0 3366 0
637570197 0 0 3410 0
637635733 0 0 3656 0
637570201 76.0483 0.741261 3315 1.29453
637635737 81.7117 0.669895 3330 1.48815
637570205 96.6457 0.368679 2385 1.59384
637635741 97.0694 0.382436 1945 1.80266
637570317 91.6314 0.569299 2366 1.85239
637635853 96.7694 0.394183 2012 1.99911
637570321 0 0 3284 0
637635857 0 0 3260 0
637570325 95.7164 0.348032 3385 1.82404
637635861 93.2633 0.411466 3711 1.9191
637570329 90.5379 0.526879 3086 2.36375
637635865 97.9048 0.25519 3150 2.70162
637570333 89.801 0.616213 2412 1.40409
637635869 96.3899 0.42363 1939 1.83114
637570445 95.891 0.426507 2166 1.77018
637635981 82.124 0.839913 2081 1.41996
637570449 95.3611 0.371111 3212 1.77101
637635985 92.3758 0.472023 3161 1.89951
637570453 95.3833 0.35425 3509 1.54801
637635989 95.6995 0.330534 3767 1.89712
637570457 96.6869 0.312034 3290 1.75015
637635993 96.843 0.303184 3326 1.84548
637570461 92.519 0.540863 2366 1.60532
637635997 0 0 2108 0
637567021 0 0 3281 0
637632557 0 0 1524 0
637567025 0 0 2201 0
637599793 0 0 1994 0
637632561 0 0 1780 0
637567029 97.6864 0.340882 1945 1.91539
637599797 94.3454 0.481718 2299 1.66264
637632565 97.4009 0.33395 2270 1.80695
637567033 82.6703 0.809367 2187 1.30644
637599801 95.8841 0.447807 1968 1.85534
637632569 94.8956 0.530063 1724 1.87724
637567037 95.2049 0.364239 3441 1.59194
637632573 96.9951 0.451304 1431 1.69211
637567149 97.3676 0.280096 3267 1.60786
637632685 94.9342 0.562488 1520 1.58614
637567153 95.5545 0.441222 2182 1.71373
637599921 97.1996 0.372282 1964 2.03271
637632689 97.6598 0.361173 1752 2.124
637567157 95.4413 0.45935 2062 1.53306
637599925 96.4242 0.376453 2433 1.78761
637632693 96.4317 0.386961 2298 1.7961
637567161 92.8469 0.56277 2097 1.70685
637599929 95.6332 0.45014 2061 1.68251
637632697 96.3465 0.455441 1697 1.93614
637567165 96.9164 0.303565 3243 1.67094
637632701 96.4497 0.47448 1521 1.89612
637567277 97.6656 0.268181 3170 1.91219
637632813 89.397 0.79256 1509 2.06543
637567281 97.3387 0.415158 1503 1.48352
637600049 95.7248 0.448443 2035 1.70238
637632817 96.144 0.563633 1167 1.66227
637567285 88.7006 0.793202 1593 2.35242
637600053 97.7554 0.31704 2183 2.6726
637632821 91.1155 0.63211 2026 2.28143
637567289 96.2875 0.412483 2101 1.79945
637600057 96.621 0.399857 2042 2.04392
637632825 92.1457 0.641808 1757 1.82829
637567293 95.7429 0.338985 3547 1.52121
637632829 31.4453 1.18468 1536 2.05993
637567405 0 0 3021 0
637632941 0 0 1541 0
637567409 86.5358 0.729234 2191 1.41174
637600177 96.0794 0.437945 1964 1.80746
637632945 96.4105 0.440556 1783 2.17818
637567413 95.8577 0.439892 2052 1.67397
637600181 95.6685 0.415441 2401 1.66558
637632949 33.0139 0.98142 2296 1.76932
637567417 94.6281 0.591685 1452 1.58112
637600185 97.8261 0.331776 1932 2.31002
637632953 97.1714 0.478194 1202 2.33453
637567421 95.2654 0.36881 3316 1.65648
637632957 96.9354 0.444877 1501 1.85259
637567533 90.7345 0.506194 3281 1.46635
637633069 96.3901 0.469431 1579 2.03249
637567537 95.7038 0.433492 2188 1.53081
637600305 97.0135 0.373581 2076 1.69636
637633073 96.2402 0.450617 1782 1.77484
637567541 94.606 0.489239 2132 1.45606
637600309 95.2243 0.434576 2408 1.66033
637633077 53.599 1.03227 2334 1.51349
637567545 97.475 0.34243 2099 1.79728
637600313 97.3607 0.354391 2046 1.88668
637633081 94.9066 0.523038 1767 1.82491
637567549 0 0 3274 0
637633085 0 0 1638 0
637567661 0 0 2316 0
637633197 0 0 1117 0
637567665 77.7522 0.892627 2171 1.47525
637600433 81.037 0.858916 2083 1.49414
637633201 88.7443 0.751648 1768 1.50378
637567669 0 0 2032 0
637600437 0 0 2388 0
637633205 0 0 2321 0
637567673 97.1481 0.356988 2174 1.73854
637600441 96.0303 0.424451 2116 1.95339
637633209 93.9223 0.566773 1777 1.82817
637567677 95.9963 0.342728 3272 1.67911
637633213 95.844 0.504664 1564 1.68654
637567789 97.8774 0.249215 3345 1.90561
637633325 80.6553 0.991537 1587 1.59178
637567793 75.9662 0.900603 2251 1.24004
637600561 79.8762 0.910725 1938 1.29889
637633329 72.367 1.04193 1842 1.50426
637567797 0 0 2073 0
637600565 0 0 2401 0
637633333 0 0 2301 0
637567801 95.6882 0.423911 2296 1.5327
637600569 95.9173 0.444272 1984 1.8073
637633337 97.8723 0.405089 1269 1.87154
637567805 95.7627 0.350447 3304 1.59889
637633341 97.1069 0.420346 1590 1.88501
637567917 96.5092 0.318407 3323 1.84414
637633453 95.7392 0.513175 1549 2
637567921 94.5438 0.486334 2181 1.6443
637600689 96.4641 0.412143 2008 1.75072
637633457 96.1857 0.450341 1809 1.84982
637567925 96.3228 0.411276 2094 1.69419
637600693 95.8716 0.406269 2398 2.04805
637633461 97.1971 0.342754 2319 1.91542
637567929 95.2958 0.456947 2147 1.61422
637600697 96.622 0.40267 2013 1.77474
637633465 96.7819 0.430826 1678 1.67096
637567933 0 0 3323 0
637633469 0 0 1468 0
637568045 98.2407 0.230961 3240 2.05504
637633581 96.4509 0.48807 1437 2.16965
637568049 95.702 0.443206 2094 1.46384
637600817 95.1548 0.479885 2002 1.71268
637633585 97.3669 0.38732 1709 1.91497
637568053 97.5247 0.345694 2020 2.83584
637600821 97.4558 0.326986 2319 3.02767
637633589 96.8518 0.365135 2287 2.91082
637568057 83.7863 0.797866 2134 1.38741
637600825 96.2687 0.422744 2010 1.73325
637633593 97.2439 0.400732 1669 1.77627
637568061 95.6883 0.35646 3247 1.57163
637633597 97.2648 0.421277 1499 2.26266
637568173 97.54 0.266677 3374 1.7224
637633709 97.5529 0.397346 1512 1.77404
637568177 96.4237 0.395102 2209 1.6809
637600945 96.3127 0.417851 2034 1.60711
637633713 96.2192 0.44647 1825 1.68447
637568181 94.3262 0.503033 2115 1.55117
637600949 93.9433 0.494378 2328 1.59684
637633717 87.3173 0.690004 2326 1.65167
637568185 94.5133 0.479015 2260 1.58287
637600953 96.9802 0.380763 2020 1.59174
637633721 96.8026 0.413067 1814 1.72021
637568189 95.9844 0.339857 3337 1.79002
637633725 97.5812 0.387613 1571 2.1638
637568301 95.3056 0.363448 3387 1.66613
637633837 96.8829 0.438298 1572 2.10049
637568305 47.6258 1.08831 2106 1.1649
637601073 85.7778 0.776173 2025 1.40409
637633841 86.9089 0.81002 1734 1.3643
637568309 71.623 1.01214 1984 1.20679
637601077 75.0547 0.905191 2285 1.35842
637633845 88.6233 0.668073 2259 1.56002
637568313 94.1843 0.519575 2029 1.51532
637601081 95.6323 0.460581 1969 1.61276
637633849 92.8362 0.624919 1703 1.78363
637568317 97.136 0.289605 3317 1.66829
637633853 96.0578 0.498801 1522 1.83648
637568429 91.7031 0.487157 3206 1.51751
637633965 96.5955 0.468545 1498 2.24842
637568433 95.5732 0.444018 2146 1.61753
637601201 95.9773 0.446225 1939 1.9179
637633969 95.6446 0.491844 1722 1.80358
637568437 94.5831 0.491254 2123 1.59403
637601205 95.2301 0.435955 2390 1.72077
637633973 96.9025 0.35446 2389 1.80978
637568441 94.8205 0.472371 2201 1.42275
637601209 94.2385 0.521558 1996 1.62792
637633977 77.8351 0.994029 1746 1.91093
637568445 96.8072 0.309534 3226 1.69906
637633981 97.7342 0.368246 1633 1.68288
637569069 0 0 1592 0
637601837 0 0 2016 0
637634605 0 0 1127 0
637569073 0 0 3232 0
637634609 0 0 3049 0
637569077 97.6884 0.275044 2985 2.15894
637634613 97.417 0.278168 3252 2.13127
637569081 95.8268 0.354231 3187 1.44961
637634617 97.129 0.310574 2891 1.87865
637569085 96.1274 0.482201 1601 1.55045
637601853 80.9921 0.844818 2157 1.89257
637634621 98.3366 0.400065 1022 1.74142
637569197 97.8385 0.366662 1573 1.85879
637601965 96.4303 0.407496 2073 2.09347
637634733 97.7169 0.451378 1095 2.04303
637569201 96.2199 0.337085 3201 1.56535
637634737 95.3669 0.386552 2957 1.6773
637569205 95.8805 0.352431 3180 1.6422
637634741 95.3557 0.360801 3402 1.75238
637569209 96.4093 0.331667 3147 2.03988
637634745 93.0593 0.466498 2968 1.66935
637569213 96.6359 0.463079 1516 1.78171
637601981 96.7221 0.39384 2044 1.75095
637634749 97.4766 0.479455 1070 1.93636
637569325 96.0307 0.493992 1562 1.57234
637602093 88.3376 0.725928 1955 1.98544
637634861 97.0077 0.529327 1036 1.91135
637569329 94.7068 0.436921 2626 1.49743
637634865 96.1018 0.386023 2514 1.65429
637569333 97.4184 0.309001 2634 1.92975
637634869 89.8788 0.54586 3053 1.53887
637569337 0 0 3160 0
637634873 0 0 2957 0
637569341 80.4768 1.00616 1552 1.58708
637602109 97.2497 0.33903 2327 1.89323
637634877 94.3563 0.685271 1134 1.89938
637569453 0 0 1507 0
637602221 0 0 1822 0
637634989 0 0 1090 0
637569457 0 0 3258 0
637634993 96.9564 0.315906 2957 2.28885
637569461 0 0 3178 0
637634997 0 0 3382 0
637569465 94.7036 0.445261 2530 1.40336
637635001 94.8424 0.447469 2443 1.46217
637569469 0 0 1610 0
637602237 0.64741 0.178977 2008 1.23529
637635005 0 0 1059 0
637569581 95.3988 0.518937 1630 1.54904
637602349 96.8389 0.391911 1993 1.93368
637635117 98.0909 0.412602 1100 1.87538
637569585 96.8913 0.304476 3249 1.62096
637635121 96.8956 0.315181 3028 1.84937
637569589 97.9335 0.255632 3097 2.16574
637635125 96.7531 0.30591 3357 2.05209
637569593 94.4571 0.413169 3067 1.56829
637635129 0 0 2990 5
637569597 94.2247 0.584468 1593 1.52308
637602365 96.5295 0.407543 2017 1.75526
637635133 97.5793 0.444039 1198 1.87402
637569709 96.268 0.552019 1179 1.6251
637602477 95.1363 0.583936 1357 1.84839
637635245 98.7113 0.404876 776 1.88601
637569713 95.6576 0.361531 3178 1.60468
637635249 94.6166 0.407657 3065 1.7184
637569717 93.4164 0.443343 3129 1.94064
637635253 95.5723 0.357015 3320 1.55544
637569721 95.7869 0.353581 3228 1.62566
637635257 94.7386 0.403604 3060 1.84734
637569725 96.5474 0.457442 1593 1.73977
637602493 95.8803 0.440136 2039 1.6843
637635261 89.4404 0.923252 1108 1.72485
637569837 95.8827 0.496259 1603 1.59045
637602605 97.1667 0.357585 2153 1.62707
637635373 96.896 0.502316 1192 1.66956
637569841 0 0 3247 0
637635377 0 0 2991 0
637569845 97.1786 0.296491 3119 1.84722
637635381 91.1898 0.493186 3303 1.75828
637569849 95.1212 0.377357 3259 1.58074
637635385 97.4021 0.318019 2502 1.8322
637569853 94.6271 0.566906 1582 1.47616
637602621 97.1967 0.362893 2069 1.78425
637635389 95.8115 0.591759 1146 1.68676
637569965 96.0569 0.49481 1547 1.55178
637602733 95.4413 0.45935 2062 1.78614
637635501 97.4245 0.472057 1126 1.85463
637569969 92.3686 0.472453 3158 1.65223
637635505 97.2819 0.297881 2980 1.90596
637569973 0 0 3134 0
637635509 0 0 3407 0
637569977 95.7684 0.359081 3143 1.7426
637635513 78.5374 0.757191 2940 1.75124
637569981 96.2447 0.467883 1651 1.62326
637602749 82.4839 0.845512 2021 1.31547
637635517 95.9087 0.611027 1051 1.69494
637570093 97.9592 0.357068 1568 1.7321
637602861 97.1716 0.362979 2086 1.83215
637635629 94.5729 0.718219 995 1.73064
637570097 96.306 0.341025 3059 1.55907
637635633 94.8299 0.408364 2940 1.61749
637570101 97.0483 0.304818 3083 2.79896
637635637 95.8625 0.347371 3287 3.11603
637570105 87.103 0.60334 3086 1.76203
637635641 97.4605 0.291434 2914 2.07215
637570109 94.4338 0.579915 1563 1.52657
637602877 96.2132 0.426066 2007 1.66851
637635645 97.9686 0.428673 1083 1.69924
637570221 97.4425 0.399179 1564 1.70732
637602989 96.0685 0.417969 2162 1.88223
637635757 97.361 0.492103 1061 1.9267
637570225 95.0799 0.386599 3130 1.78183
637635761 97.6537 0.275172 3026 2.09436
637570229 94.8677 0.393965 3137 1.57527
637635765 91.6769 0.484095 3256 1.87945
637570233 96.9125 0.29949 3336 1.65027
637635769 95.6464 0.373436 2986 1.70116
637570237 95.836 0.501773 1585 1.55953
637603005 97.2038 0.35891 2110 1.60661
637635773 88.3978 0.971798 1086 1.7715
637570349 96.2846 0.474629 1588 1.52763
637603117 96.5872 0.392564 2139 1.78496
637635885 96.5338 0.538473 1154 1.74449
637570353 95.9599 0.353981 3094 1.61821
637635889 96.8708 0.317659 3004 1.84191
637570357 94.5729 0.414664 2985 1.63272
637635893 92.8638 0.452466 3237 1.70312
637570361 97.0637 0.308378 2997 1.89236
637635897 88.9969 0.583007 2881 1.69567
637570365 97.2654 0.406583 1609 1.57336
637603133 96.2464 0.41696 2078 1.64283
637635901 95.2684 0.64044 1099 1.67585
637570477 95.3055 0.536401 1555 1.52054
637603245 96.2814 0.424164 1990 1.69268
637636013 96.1502 0.589546 1065 1.72883
637570481 92.6212 0.459349 3239 1.65359
637636017 84.3481 0.687643 2792 1.52354
637570485 95.632 0.359731 3228 1.68684
637636021 94.515 0.386856 3464 1.67887
637570489 0 0 3214 0
637636025 94.3805 0.417482 3043 1.60297
637570493 97.386 0.393384 1645 1.89994
637603261 97.1737 0.375675 1946 1.86726
637636029 91.8159 0.80038 1173 1.46656
637567053 97.2043 0.441368 1395 1.63572
637632589 98.336 0.360086 1262 1.73792
637567057 96.5178 0.504405 1321 1.62774
637632593 82.7674 1.10035 1178 1.44875
637567061 95.9596 0.548867 1287 1.50478
637632597 96.1729 0.510736 1411 1.5992
637567065 89.2964 0.845821 1336 1.60913
637632601 96.1248 0.593368 1058 1.81181
637567069 0 0 1317 0
637632605 0 0 1293 0
637567181 94.0849 0.622318 1437 1.36891
637632717 94.4346 0.68138 1132 1.50042
637567185 0 0 1327 0
637632721 0 0 1159 0
637567189 97.7088 0.406771 1353 1.52921
637632725 75.4281 1.17476 1343 1.42524
637567193 95.8333 0.545071 1344 1.46693
637632729 96.5636 0.533929 1164 1.6128
637567197 97.6952 0.409162 1345 1.7012
637632733 96.1758 0.547053 1229 1.47304
637567309 94.5573 0.611124 1378 1.48823
637632845 95.9287 0.575548 1179 1.41417
637567313 0 0 1016 0
637632849 0 0 997 0
637567317 97.9217 0.403338 1251 1.79779
637632853 58.1869 1.30757 1423 1.57646
637567321 96.8935 0.471841 1352 1.48582
637632857 94.6506 0.660958 1159 1.61269
637567325 96.4129 0.50317 1366 1.42857
637632861 96.5489 0.523248 1217 1.42508
637567437 97.1495 0.461898 1298 1.54357
637632973 93.4608 0.784125 994 1.60169
637567441 0 0 1311 0
637632977 0 0 1221 0
637567445 0 0 1317 0
637632981 0 0 1352 0
637567449 96.4215 0.585653 1006 1.38517
637632985 96.3576 0.622403 906 1.56784
637567453 85.7971 0.939691 1380 1.25708
637632989 97.6821 0.432932 1208 1.77156
637567565 84.2339 0.991466 1351 1.21461
637633101 96.0265 0.562017 1208 1.62687
637567569 0 0 1338 0
637633105 0 0 1147 0
637567573 0 0 1210 0
637633109 0 0 1401 0
637567577 95.1975 0.59509 1291 1.44669
637633113 98.3636 0.382526 1100 2.33886
637567581 94.0233 0.639986 1372 1.63898
637633117 96.2869 0.549277 1185 1.75098
637567693 0 0 1430 0
637633229 0 0 1222 0
637567697 0 0 1308 0
637633233 0 0 1236 0
637567701 0 0 1271 0
637633237 0 0 1334 0
637567705 95.787 0.566383 1258 1.68613
637633241 90.1099 0.867949 1183 1.72805
637567709 0 0 1336 0
637633245 0 0 1171 0
637567821 76.5911 1.14524 1367 1.61016
637633357 77.9968 1.16338 1268 1.53825
637567825 95.6981 0.557408 1325 1.64193
637633361 97.2275 0.507647 1046 1.57006
637567829 96.8823 0.485205 1283 1.68527
637633365 95.1555 0.577341 1383 1.67694
637567833 96.1246 0.532043 1316 1.52921
637633369 96.2829 0.569628 1103 1.52214
637567837 97.0455 0.466064 1320 1.53893
637633373 96.3576 0.539017 1208 1.67948
637567949 85.6631 0.938291 1395 1.2818
637633485 97.293 0.457921 1256 1.78884
637567953 95.2381 0.585485 1323 1.50446
637633489 96.0561 0.576213 1141 1.69736
637567957 0 0 1409 0
637633493 0 0 1510 0
637567961 97.3174 0.441056 1342 1.93071
637633497 88.3436 0.950009 1141 1.61322
637567965 97.7385 0.395231 1415 1.78921
637633501 93.3223 0.716761 1213 1.65083
637568077 97.5743 0.430346 1278 1.87808
637633613 98.6733 0.329467 1206 2.10069
637568081 0 0 1266 0
637633617 0 0 1124 0
637568085 98.1526 0.381633 1245 2.99688
637633621 97.6557 0.409535 1365 2.99375
637568089 96.5382 0.512779 1271 1.66367
637633625 66.7595 1.43543 1077 1.69359
637568093 0 0 1287 0
637633629 0 0 1173 0
637568205 0 0 1404 0
637633741 0 0 1276 0
637568209 0 0 1225 0
637633745 0 0 1140 0
637568213 93.4716 0.684602 1302 1.56832
637633749 83.172 1.02086 1343 1.54667
637568217 93.3333 0.690506 1305 1.65102
637633753 96.8007 0.532054 1094 1.67436
637568221 95.8119 0.542987 1361 1.51088
637633757 92.7258 0.734283 1251 1.5412
637568333 0 0 1273 0
637633869 0 0 1232 0
637568337 0 0 1258 0
637633873 0 0 1134 0
637568341 0 0 1228 0
637633877 0 0 1326 0
637568345 92.4574 0.752055 1233 1.5319
637633881 95.1009 0.669001 1041 1.68421
637568349 0 0 1259 0
637633885 0 0 1228 0
637568461 98.806 0.29672 1340 2.29776
637633997 98.995 0.288664 1194 2.59202
637568465 94.3683 0.635966 1314 1.35524
637634001 95.0147 0.680463 1023 1.52585
637568469 0 0 1398 0
637634005 0 0 1373 0
637568473 94.4118 0.622846 1360 1.40027
637634009 94.803 0.642638 1193 1.77927
637568477 0 0 1381 0
637634013 0 0 1230 0
637571149 95.5298 0.594565 1208 1.61342
637636685 97.9284 0.43706 1062 1.67417
637571153 95.4318 0.557826 1401 1.42583
637636689 94.1075 0.693203 1154 1.59729
637571157 95.9029 0.546006 1318 1.60732
637636693 97.2446 0.424347 1488 1.79687
637571161 96.822 0.466155 1416 1.5292
637636697 97.8892 0.426297 1137 1.93711
637571165 95.8435 0.569799 1227 1.64566
637636701 96.5426 0.543979 1128 2.0936
637571277 89.79 0.81476 1381 1.36437
637636813 96.5004 0.543561 1143 1.40343
637571281 0 0 1455 0
637636817 0 0 1103 0
637571285 0 0 1367 0
637636821 0 0 1470 0
637571289 84.6677 0.990191 1324 1.30912
637636825 61.98 1.40017 1202 1.1731
637571293 95.098 0.617135 1224 1.41052
637636829 97.2816 0.506707 1030 1.60355
637571405 0 0 1307 0
637636941 0 0 987 0
637571409 0 0 1243 0
637636945 0 0 936 0
637571413 96.6165 0.49577 1330 1.53953
637636949 96.8923 0.456018 1448 1.70263
637571417 95.2901 0.553491 1465 1.61457
637636953 96.5225 0.533571 1179 1.60492
637571421 91.6325 0.793087 1219 1.55653
637636957 98.1871 0.35928 1379 2.07939
637571533 97.8345 0.404787 1293 1.82799
637637069 97.7294 0.458188 1057 2.01484
637571537 0 0 1532 0
637637073 0 0 1184 0
637571541 0 0 1331 0
637637077 0 0 1530 0
637571545 94.9704 0.59439 1352 1.30569
637637081 96.1832 0.632724 917 1.5792
637571549 96.0516 0.536622 1317 1.46787
637637085 96.929 0.534483 1042 1.54298
637571661 95.4676 0.557935 1390 1.61456
637637197 97.9245 0.437876 1060 1.87955
637571665 0 0 1510 0
637637201 0 0 1254 0
637571669 0 0 1426 0
637637205 0 0 1460 0
637571673 96.3423 0.493149 1449 1.50814
637637209 98.2428 0.371328 1252 1.85386
637571677 95.63 0.551699 1373 1.582
637637213 96.0958 0.576972 1127 1.7073
637571789 0 0 1368 0
637637325 0 0 1018 0
637571793 0 0 1487 0
637637329 0 0 1156 0
637571797 0 0 1399 0
637637333 0 0 1554 0
637571801 96.4113 0.488649 1449 1.52998
637637337 94.2691 0.669858 1204 1.62219
637571805 97.0392 0.461157 1351 1.49443
637637341 97.2041 0.503272 1073 1.54785
637571917 92.1194 0.745278 1307 1.99511
637637453 97.5432 0.466963 1099 2.44418
637571921 94.4333 0.593778 1491 1.44518
637637457 98.2014 0.398537 1112 1.71739
637571925 96.3457 0.497408 1423 1.80668
637637461 98.0405 0.36028 1480 2.06569
637571929 0 0 1465 0
637637465 0 0 1253 0
637571933 97.1147 0.461263 1317 1.62215
637637469 97.4638 0.473186 1104 2.01022
637572045 0 0 1371 0
637637581 0 0 1049 0
637572049 84.1148 0.966978 1429 1.33567
637637585 96.1307 0.565532 1163 1.64788
637572053 0 0 1363 0
637637589 0 0 1484 0
637572057 0 0 1491 0
637637593 0 0 1226 0
637572061 96.3141 0.533346 1248 1.79678
637637597 97.6037 0.464291 1085 1.72654
637572173 94.4262 0.656812 1220 1.61467
637637709 93.7561 0.755729 1025 1.98358
637572177 0 0 571 0
637637713 0 0 580 0
637572181 98.2027 0.356209 1391 3.02305
637637717 98.1869 0.352342 1434 2.99745
637572185 83.308 1.02716 1318 1.65283
637637721 97.6211 0.444196 1177 1.71793
637572189 96.6585 0.513059 1227 1.46025
637637725 97.2115 0.510534 1040 1.60781
637572301 0 0 1361 0
637637837 0 0 1174 0
637572305 0 0 1451 0
637637841 0 0 1223 0
637572309 94.6733 0.598469 1408 1.49338
637637845 96.0625 0.506743 1473 1.77886
637572313 97.0651 0.451572 1397 1.64371
637637849 97.6701 0.460523 1073 1.92649
637572317 0 0 1337 0
637637853 0 0 1033 0
637572429 97.1131 0.474158 1247 1.65153
637637965 97.037 0.515965 1080 1.76087
637572433 55.4896 1.3536 1348 1.34472
637637969 86.2185 0.999252 1190 2.27841
637572437 0 0 1284 0
637637973 0 0 1375 0
637572441 97.1698 0.446734 1378 1.59316
637637977 95.9932 0.572626 1173 1.7384
637572445 93.5229 0.691723 1266 1.4106
637637981 97.7186 0.46034 1052 2.35137
637572557 97.7795 0.414942 1261 1.71448
637638093 96.8969 0.548618 999 1.77553
637572561 0 0 1479 0
637638097 0 0 1162 0
637572565 0 0 1383 0
637638101 0 0 1540 0
637572569 96.0056 0.518396 1427 1.53645
637638105 89.3821 0.908835 1149 1.67723
637572573 0 0 1263 0
637638109 0 0 957 0
637567085 90.9091 8.66784 11 1.6
637632621 100 0 7 1.85714
637567089 0 0 512 0
637632625 0 0 867 0
637567093 0 0 726 0
637632629 0 0 812 0
637567097 84.7525 1.59967 505 1.3992
637632633 54.8217 1.80881 757 1.31667
637567101 80 12.6491 10 1.25
637632637 75 21.6506 4 1.83333
637567213 100 0 12 1.71429
637632749 100 0 5 1.5
637567217 0 0 509 0
637632753 0 0 820 0
637567221 97.5228 0.561221 767 1.58909
637632757 86.1257 1.25062 764 1.67154
637567225 97.1678 0.77432 459 1.36328
637632761 95.4823 0.725735 819 1.72573
637567229 91.6667 5.64169 24 1.70833
637632765 90 9.48683 10 1.54545
637567341 96.25 1.50195 160 1.79327
637632877 81.6425 1.34539 828 1.72606
637567345 0 0 503 0
637632881 0 0 716 0
637567349 98.645 0.42558 738 1.67597
637632885 94.9631 0.766558 814 1.56732
637567353 96.5885 0.838204 469 1.43436
637632889 95.962 0.678386 842 1.64326
637567357 90.3704 2.53893 135 2.10778
637632893 89.9863 1.11179 729 1.50271
637567469 0 0 48 0
637633005 0 0 450 0
637567473 0 0 207 0
637633009 0 0 641 0
637567477 95.8237 0.963597 431 1.45312
637633013 96.1538 0.888943 468 1.60166
637567481 0 0 214 0
637633017 0 0 446 0
637567485 95.2381 3.28603 42 1.47059
637633021 96.3351 0.961375 382 1.39793
637567597 97.561 0.72637 451 1.61868
637633133 98.4329 0.388691 1021 1.9043
637567601 85.4565 1.14863 942 1.25142
637633137 82.1105 1.10045 1213 1.35334
637567605 95.5335 0.594085 1209 1.40632
637633141 93.1962 0.708274 1264 1.50299
637567609 96.8468 0.58642 888 1.52445
637633145 96.1603 0.555162 1198 1.55224
637567613 92.1114 1.29843 431 1.43043
637633149 96.1257 0.624478 955 1.71649
637567725 95.3891 1.12585 347 1.5288
637633261 87.4419 2.25997 215 1.80932
637567729 90.3784 0.969584 925 1.63287
637633265 90.4389 0.823203 1276 1.79953
637567733 96.2452 0.526232 1305 1.49252
637633269 95.8963 0.532275 1389 1.59905
637567737 94.0635 0.756014 977 1.68574
637633273 97.7795 0.414942 1261 1.97031
637567741 92.987 1.30146 385 1.53382
637633277 94.3005 1.66877 193 1.88525
637567853 0 0 13 0
637633389 0 0 7 0
637567857 97.5992 0.494563 958 1.62537
637633393 95.812 0.585629 1170 1.54647
637567861 0 0 1282 0
637633397 0 0 1363 0
637567865 98.3402 0.41148 964 2.23062
637633401 91.5447 0.793283 1230 2.01294
637567869 87.5 11.6927 8 1
637633405 100 0 5 1.6
637567981 76.6667 2.22916 360 1.2549
637633517 92.3077 2.13346 156 1.51337
637567985 95.1318 0.685341 986 1.43058
637633521 96.0096 0.552957 1253 1.67787
637567989 96.7766 0.478056 1365 1.71758
637633525 93.1865 0.661041 1453 1.86702
637567993 96.5021 0.589307 972 1.54434
637633529 94.6791 0.652297 1184 1.66091
637567997 97.1875 0.924222 320 1.59664
637633533 97.1014 1.42812 138 2.06122
637568109 97.3747 0.781098 419 1.50097
637633645 95.7198 0.631298 1028 1.57965
637568113 94.8931 0.758647 842 1.56243
637633649 95.4503 0.634996 1077 1.73351
637568117 97.3396 0.450146 1278 2.36918
637633653 95.1044 0.578965 1389 2.50965
637568121 94.7307 0.764528 854 1.66445
637633657 97.4598 0.45785 1181 1.63615
637568125 95.8005 1.02759 381 1.60088
637633661 95.0836 0.67798 1017 1.75252
637568237 89.6848 1.62812 349 1.45889
637633773 97.0736 0.487364 1196 1.71928
637568241 87.4814 1.27754 671 1.5922
637633777 94.2777 0.711397 1066 1.56561
637568245 96.0611 0.551508 1244 1.54592
637633781 95.7684 0.548505 1347 1.58694
637568249 0 0 921 0
637633785 0 0 1290 0
637568253 82.3864 2.0304 352 1.43553
637633789 96.9919 0.487038 1230 1.6852
637568365 96.1637 0.971347 391 1.50206
637633901 95.636 0.622506 1077 1.66898
637568369 96.6924 0.593812 907 1.62602
637633905 96.7383 0.501021 1257 1.62527
637568373 86.2069 0.976492 1247 1.47218
637633909 92.2673 0.731877 1332 1.4972
637568377 94.9561 0.724679 912 1.46769
637633913 95.3549 0.623052 1141 1.66335
637568381 96.0227 1.04162 352 1.87857
637633917 81.6135 1.18646 1066 1.67184
637568493 95.8333 1.66522 144 1.51479
637634029 97.4684 0.624849 632 1.61331
637568497 0 0 462 0
637634033 0 0 657 0
637568501 97.6505 0.58043 681 2.3368
637634037 91.6944 1.12476 602 1.52848
637568505 95.8084 0.895311 501 1.36655
637634041 96.9748 0.70218 595 1.51989
637568509 99.3976 0.600594 166 1.44444
637634045 84.5697 1.39144 674 1.50832
637571181 78.5714 10.9664 14 1.27273
637636717 100 0 1 1
637571185 0 0 886 0
637636721 0 0 1233 0
637571189 96.9865 0.481429 1261 1.69332
637636725 95.7941 0.540529 1379 1.72905
637571193 95.3241 0.688237 941 1.62952
637636729 94.2708 0.684712 1152 1.63957
637571197 0 0 7 0
637636733 100 0 2 1.25
637571309 95.3552 1.10006 366 1.39589
637636845 98.6111 0.796288 216 2.13147
637571313 0 0 973 0
637636849 0 0 1206 0
637571317 82.0396 1.05894 1314 1.59933
637636853 90.3623 0.794402 1380 1.704
637571321 97.6215 0.490016 967 1.55153
637636857 95.8367 0.570709 1225 1.51087
637571325 93.2065 1.31173 368 1.39314
637636861 95.1219 1.50448 205 1.54878
637571437 96.4377 0.934964 393 1.56195
637636973 96.4247 0.611152 923 1.68657
637571441 0 0 676 0
637636977 0 0 1048 0
637571445 96.6146 0.532845 1152 1.51694
637636981 93.6429 0.652085 1400 1.63078
637571449 94.0179 0.748825 1003 1.41433
637636985 94.6721 0.642995 1220 1.53918
637571453 96.1364 0.918789 440 1.59274
637636989 95.3513 0.692239 925 1.79221
637571565 0 0 272 0
637637101 0 0 781 0
637571569 0 0 657 0
637637105 0 0 871 0
637571573 95.1274 0.716459 903 1.46526
637637109 95.7014 0.68218 884 1.43465
637571577 0 0 614 0
637637113 0 0 716 0
637571581 97.3941 0.909228 307 1.51801
637637117 97.4843 0.555412 795 1.63879
637571693 0 0 243 0
637637229 0 0 756 0
637571697 83.959 1.516 586 1.16848
637637233 0.11655 0.116482 858 2.33333
637571701 94.2602 0.830719 784 1.54513
637637237 94.1725 0.79976 858 1.42174
637571705 96.5009 0.788574 543 1.66169
637637241 95.9494 0.701405 790 1.67344
637571709 96.9112 1.07506 259 1.55743
637637245 95.8005 0.726614 762 1.70125
637571821 96.9697 2.98403 33 1.39474
637637357 100 0 3 1
637571825 96.3793 0.775664 580 1.58154
637637361 95.9545 0.700537 791 1.65758
637571829 95.8775 0.682315 849 1.61471
637637365 95.8145 0.673541 884 1.50427
637571833 98.0969 0.568325 578 1.6489
637637369 98.066 0.46451 879 1.58166
637571837 91.6667 4.60642 36 1.31429
637637373 100 0 12 1.64286
637571949 0 0 15 0
637637485 0 0 6 0
637571953 94.5518 0.951489 569 1.41234
637637489 97.0238 0.586314 840 1.57451
637571957 0 0 867 0
637637493 0 0 934 0
637571961 97.4359 0.653506 585 1.36264
637637497 97.1143 0.557704 901 1.75722
637571965 88.8889 10.4757 9 1.88889
637637501 100 0 9 1.66667
637572077 95.0451 1.45649 222 1.55882
637637613 96.6258 0.707148 652 1.51967
637572081 93.2584 1.08506 534 1.26568
637637617 95.1863 0.843495 644 1.81541
637572085 96.3557 0.715459 686 1.50399
637637621 95.1344 0.769856 781 1.60454
637572089 95.471 0.885048 552 1.48161
637637625 96.2963 0.712778 702 1.60447
637572093 0 0 219 0
637637629 0 0 568 0
637572333 92.3256 1.28366 430 1.4346
637637869 97.5309 0.4452 1215 1.67411
637572337 0 0 952 0
637637873 0 0 1339 0
637572341 96.4951 0.502196 1341 1.57133
637637877 87.8118 0.873407 1403 1.69126
637572345 97.0385 0.532627 1013 1.45505
637637881 97.1026 0.482595 1208 1.62609
637572349 96.9838 0.823842 431 1.65408
637637885 92.1835 0.782427 1177 1.79777
637572589 97.1429 0.938677 315 1.47541
637638125 95.6204 1.74836 137 2.30412
637572593 0 0 1006 0
637638129 96.065 0.568652 1169 1.75784
637572597 95.6424 0.559579 1331 1.55817
637638133 96.0536 0.516855 1419 2.02556
637572601 95.1466 0.683315 989 1.46446
637638137 96.5686 0.520309 1224 1.78593
637572605 97.9592 0.763444 343 1.60938
637638141 92.638 2.04549 163 1.76923
637575661 0 0 336 0
637641197 0 0 697 0
637575665 96.9231 0.618336 780 1.46279
637641201 97.1719 0.557556 884 1.44629
637575669 97.2707 0.538351 916 1.67666
637641205 94.5128 0.700461 1057 1.7161
637575673 0 0 663 0
637641209 0 0 786 0
637575677 96.4413 1.10516 281 1.47645
637641213 95.8831 0.72403 753 1.53022
637579757 0 0 52 0
637645293 0 0 251 0
637579761 95.4248 1.68923 153 1.37198
637645297 89.5775 1.62171 355 1.3575
637579765 96.4664 1.09749 283 1.4012
637645301 96.25 1.06204 320 1.62404
637579769 0 0 129 0
637645305 0 0 313 0
637579773 98.0769 1.9045 52 1.35366
637645309 98.5965 0.696813 285 1.61671
