637566989 95.158 0.434819 2437 1.68884
637632525 96.2532 0.427323 1975 1.93356
637566993 96.8609 0.268903 4205 1.70156
637632529 95.7777 0.331905 3671 2.07574
637566997 94.6215 0.335623 4518 1.94655
637632533 97.7778 0.21343 4770 2.8379
637567001 97.5176 0.238104 4270 2.41548
637632537 92.9165 0.450224 3247 1.87116
637567005 98.2609 0.26601 2415 2.63024
637632541 98.7842 0.246662 1974 2.88032
637567117 93.7372 0.490206 2443 1.73527
637632653 96.7357 0.404489 1930 2.1201
637567121 0 0 4143 0
637632657 0 0 3636 0
637567125 0 0 4413 0
637632661 0 0 4883 0
637567129 94.4619 0.355689 4135 1.85836
637632665 95.1171 0.362061 3543 2.12794
637567133 95.7302 0.403864 2506 1.61536
637632669 95.1092 0.469972 2106 1.83508
637567245 95.1891 0.433933 2432 1.7986
637632781 96.3338 0.412759 2073 2.12454
637567249 0 0 3326 0
637632785 0 0 3080 0
637567253 94.7428 0.376218 3519 1.86797
637632789 95.237 0.323855 4325 1.9101
637567257 94.7761 0.345233 4154 1.72218
637632793 96.4797 0.31178 3494 2.04337
637567261 95.2209 0.40591 2762 1.58865
637632797 96.8156 0.382793 2104 1.9927
637567373 95.7465 0.412109 2398 1.66859
637632909 97.2759 0.362283 2019 2.06892
637567377 95.7253 0.309167 4281 2.03349
637632913 95.8479 0.327563 3709 2.18065
637567381 93.9281 0.375956 4035 1.72972
637632917 95.0852 0.304323 5046 1.81414
637567385 93.0391 0.43799 3376 1.67044
637632921 95.6646 0.363606 3137 1.8417
637567389 96.3756 0.379294 2428 1.66366
637632925 97.5177 0.350181 1974 2.05958
637567501 94.658 0.440838 2602 1.72893
637633037 97.9943 0.306372 2094 2.34977
637567505 96.4576 0.277663 4432 1.84805
637633041 94.8139 0.355307 3895 1.98656
637567509 0 0 4553 0
637633045 0 0 4996 0
637567513 95.5707 0.314971 4267 1.94061
637633049 94.6845 0.363026 3819 1.9372
637567517 0 0 0 0
637633053 0 0 0 0
637567629 95.0232 0.446606 2371 1.80921
637633165 97.3014 0.362251 2001 2.04605
637567633 94.9294 0.339303 4181 1.81973
637633169 96.5626 0.295122 3811 2.09326
637567637 96.4732 0.273008 4565 2.03568
637633173 95.1006 0.307768 4919 2.1444
637567641 94.397 0.349215 4337 1.79338
637633177 88.445 0.52344 3730 2.06037
637567645 95.9951 0.394361 2472 1.7302
637633181 93.1986 0.558936 2029 1.87397
637567757 0 0 2517 0
637633293 0 0 2218 0
637567761 96.3429 0.289258 4211 1.78603
637633297 96.6873 0.293706 3713 1.9304
637567765 96.9887 0.251537 4616 1.95361
637633301 94.2166 0.334291 4876 1.97386
637567769 0 0 4003 0
637633305 0 0 3562 0
637567773 0 0 2582 0
637633309 0 0 2182 0
637567885 94.491 0.455855 2505 1.68866
637633421 93.8349 0.54977 1914 1.87461
637567889 0 0 4123 0
637633425 0 0 3786 0
637567893 92.2217 0.400415 4474 1.72692
637633429 93.4804 0.348051 5031 1.8511
637567897 95.9708 0.301851 4244 2.22738
637633433 90.7609 0.477354 3680 1.76988
637567901 93.2463 0.597838 1762 1.70108
637633437 94.3205 0.601831 1479 2.14837
637568013 97.0004 0.343426 2467 1.83169
637633549 97.1112 0.367514 2077 2.39091
637568017 96.1354 0.298631 4166 1.83447
637633553 96.4415 0.308885 3597 2.02272
637568021 96.9967 0.254575 4495 2.80332
637633557 96.3979 0.269665 4775 2.66276
637568025 95.7574 0.312053 4172 1.74499
637633561 95.3253 0.354248 3551 1.9646
637568029 89.7741 0.603209 2523 1.92211
637633565 97.334 0.348387 2138 2.5935
637568141 94.6656 0.448362 2512 1.67726
637633677 97.2934 0.353607 2106 2.75469
637568145 0 0 4184 0
637633681 0 0 3842 0
637568149 0 0 4448 0
637633685 0 0 4719 0
637568153 95.3764 0.320092 4304 1.68798
637633689 95.9212 0.329482 3604 1.88742
637568157 95.0153 0.426149 2608 1.76092
637633693 94.9248 0.475806 2128 2.09917
637568269 75.5918 0.846152 2577 1.7907
637633805 97.3697 0.349977 2091 2.07876
637568273 0 0 4253 0
637633809 0 0 3684 0
637568277 95.4044 0.317403 4352 2.05372
637633813 92.6498 0.377093 4789 2.00021
637568281 95.0215 0.345763 3957 1.89571
637633817 95.4702 0.352116 3488 2.10876
637568285 94.3265 0.454473 2591 2.11092
637633821 97.5815 0.352251 1902 2.5111
637568397 96.1783 0.38252 2512 1.81227
637633933 96.8405 0.391718 1994 2.13617
637568401 93.6985 0.378289 4126 1.67495
637633937 95.8958 0.333765 3533 2.18573
637568405 93.8493 0.364654 4341 1.82536
637633941 74.4904 0.625486 4857 1.44748
637568409 83.9189 0.564097 4241 1.64858
637633945 96.5608 0.296401 3780 2.05976
637568413 0 0 2655 0
637633949 96.2981 0.419469 2026 2.25144
637569037 94.5516 0.441488 2643 1.56404
637634573 97.5166 0.327708 2255 1.84512
637569041 96.2087 0.313178 3719 1.83025
637634577 97.451 0.258164 3727 1.95574
637569045 83.5971 0.586894 3981 1.41156
637634581 75.6567 0.657211 4264 1.38798
637569049 82.5475 0.612592 3839 1.79983
637634585 97.0055 0.289208 3473 1.892
637569053 84.7974 0.67987 2789 1.4033
637634589 0 0 2220 0
637569165 94.5736 0.435246 2709 1.75443
637634701 97.9041 0.309154 2147 2.16188
637569169 0 0 3766 0
637634705 0 0 3733 0
637569173 0 0 3947 0
637634709 0 0 4295 0
637569177 80.8668 0.639445 3784 1.42371
637634713 90.6198 0.484979 3614 1.57271
637569181 78.2497 0.789429 2731 1.34213
637634717 97.149 0.345892 2315 1.953
637569293 96.3657 0.366031 2614 1.7319
637634829 98.0384 0.289541 2294 2.14504
637569297 0 0 3035 0
637634833 0 0 3195 0
637569301 0 0 3211 0
637634837 0 0 3725 0
637569305 77.156 0.690286 3699 1.361
637634841 97.7228 0.250125 3557 2.03959
637569309 96.2457 0.351172 2930 1.65605
637634845 97.6978 0.306837 2389 1.9097
637569421 82.8879 0.752177 2507 2.23727
637634957 95.7516 0.435787 2142 2.01538
637569425 0 0 3865 0
637634961 93.525 0.403363 3722 1.69087
637569429 94.5228 0.374674 3688 1.71242
637634965 95.1996 0.320173 4458 1.79665
637569433 95.3243 0.38309 3037 1.53589
637634969 95.5597 0.364253 3198 1.79065
637569437 0 0 2532 0
637634973 0 0 2163 0
637569549 95.2806 0.408781 2691 1.7091
637635085 95.4156 0.432913 2334 1.88706
637569553 95.9408 0.315316 3917 1.90707
637635089 93.7343 0.384433 3974 2.12272
637569557 0 0 3955 0
637635093 0 0 4392 0
637569561 0 0 3802 0
637635097 0 0 3830 0
637569565 0 0 0 0
637635101 0 0 0 0
637569677 98.35 0.249544 2606 2.04016
637635213 94.2103 0.502634 2159 2.13189
637569681 94.5851 0.371451 3712 1.71737
637635217 96.9782 0.273941 3905 2.03497
637569685 0 0 4055 0
637635221 0 0 4331 0
637569689 96.384 0.301111 3844 2.14037
637635225 98.5102 0.195854 3826 2.88953
637569693 95.3137 0.410865 2646 1.68462
637635229 96.6501 0.382843 2209 1.80074
637569805 96.6728 0.344831 2705 1.52542
637635341 93.1269 0.521117 2357 1.99248
637569809 95.7379 0.329691 3754 1.73633
637635345 96.9925 0.279878 3724 1.80028
637569813 98.3416 0.200921 4040 2.70684
637635349 94.4483 0.348271 4323 1.90933
637569817 94.3693 0.382968 3623 1.76787
637635353 96.5983 0.297851 3704 1.80614
637569821 0 0 2737 0
637635357 0 0 2323 0
637569933 0 0 2626 0
637635469 0 0 2192 0
637569937 0 0 3707 0
637635473 0 0 3812 0
637569941 96.3347 0.298758 3956 1.84182
637635477 95.5819 0.310117 4391 1.94959
637569945 94.4784 0.372137 3767 1.94802
637635481 97.0573 0.273939 3806 2.00806
637569949 88.7957 0.772077 1669 1.8702
637635485 95.8159 0.489522 1673 1.83216
637570061 0 0 2684 0
637635597 0 0 2262 0
637570065 95.9989 0.324441 3649 1.84719
637635601 97.2765 0.269971 3635 2.07471
637570069 97.9767 0.223908 3954 2.54827
637635605 92.3295 0.40884 4237 2.7164
637570073 92.6757 0.428318 3700 1.43785
637635609 97.4811 0.262149 3573 1.80634
637570077 77.6114 0.816876 2604 1.30102
637635613 98.5671 0.247645 2303 2.55188
637570189 88.1023 0.62331 2698 1.48659
637635725 97.1715 0.34584 2298 1.83423
637570193 0 0 3701 0
637635729 0 0 3821 0
637570197 0 0 3872 0
637635733 0 0 4182 0
637570201 74.7001 0.702092 3834 1.29586
637635737 80.2189 0.650848 3746 1.46994
637570205 96.4052 0.354735 2754 1.58859
637635741 96.5786 0.378295 2309 1.754
637570317 91.3451 0.533947 2773 1.88611
637635853 97.0576 0.348977 2345 2.03136
637570321 0 0 3874 0
637635857 0 0 3698 0
637570325 95.9163 0.316185 3918 1.8185
637635861 94.272 0.360503 4155 1.95127
637570329 90.7498 0.491074 3481 2.33796
637635865 98.0477 0.234433 3483 2.7059
637570333 88.8208 0.598395 2773 1.39261
637635869 95.6931 0.429998 2229 1.83687
637570445 96.127 0.379723 2582 1.74533
637635981 82.3741 0.807986 2224 1.40309
637570449 95.2754 0.354744 3577 1.80613
637635985 93.2752 0.420112 3554 1.90653
637570453 95.3922 0.33732 3863 1.55508
637635989 96.0422 0.298364 4270 1.84893
637570457 97.0153 0.276553 3786 1.73048
637635993 97.4742 0.251899 3880 1.83768
637570461 92.921 0.48495 2797 1.65891
637635997 0 0 2394 1
637567021 0 0 3842 0
637632557 0 0 1637 0
637567025 0 0 2442 0
637599793 0 0 2318 0
637632561 0 0 2038 0
637567029 96.937 0.357899 2318 1.84301
637599797 94.8527 0.437999 2545 1.66016
637632565 97.3826 0.313225 2598 1.79499
637567033 83.3935 0.745322 2493 1.30461
637599801 96.2121 0.391643 2376 1.85101
637632569 95.8763 0.451439 1940 1.90062
637567037 95.9532 0.314374 3929 1.59444
637632573 96.4574 0.460839 1609 1.69132
637567149 97.4428 0.258987 3715 1.62126
637632685 94.9743 0.522105 1751 1.56683
637567153 96.4865 0.361788 2590 1.67604
637599921 97.5955 0.317424 2329 1.9877
637632689 97.4438 0.356856 1956 2.095
637567157 95.2521 0.435913 2380 1.54531
637599925 96.6283 0.353308 2610 1.77917
637632693 96.6443 0.347737 2682 1.79343
637567161 92.5173 0.530593 2459 1.71454
637599929 95.0575 0.447414 2347 1.69749
637632697 97.7341 0.333926 1986 1.91216
637567165 96.5408 0.296959 3787 1.66987
637632701 96.8218 0.417902 1762 1.95944
637567277 96.7776 0.288184 3755 1.89692
637632813 91.25 0.673541 1760 2.09373
637567281 97.4576 0.387278 1652 1.49264
637600049 94.6545 0.468928 2301 1.66753
637632817 96.9027 0.470471 1356 1.6478
637567285 89.3873 0.720382 1828 2.29856
637600053 98.7029 0.227809 2467 2.58194
637632821 91.5753 0.581829 2279 2.28619
637567289 97.4939 0.314257 2474 1.7996
637600057 96.8627 0.363883 2295 2.05392
637632825 92.2568 0.603255 1963 1.81566
637567293 95.0236 0.343015 4019 1.49668
637632829 32.2433 1.11956 1743 1.88764
637567405 0 0 3471 0
637632941 0 0 1769 0
637567409 87.3041 0.659036 2552 1.42857
637600177 96.1326 0.413728 2172 1.81875
637632945 97.2527 0.365316 2002 2.15973
637567413 96.9257 0.356696 2342 1.67307
637600181 96.0265 0.374678 2718 1.64046
637632949 33.6273 0.905684 2721 1.8395
637567417 95.7192 0.483611 1752 1.60487
637600185 97.9184 0.294255 2354 2.33092
637632953 99.0511 0.261927 1370 2.29994
637567421 95.0082 0.359678 3666 1.62047
637632957 97.0435 0.40783 1725 1.81451
637567533 91.0677 0.463649 3784 1.45936
637633069 96.5289 0.429658 1815 1.94566
637567537 96 0.391918 2500 1.52277
637600305 96.4435 0.378833 2390 1.69056
637633073 95.8871 0.434285 2091 1.76725
637567541 94.8674 0.456357 2338 1.45104
637600309 95.2693 0.404978 2748 1.68635
637633077 53.0605 0.958319 2712 1.51296
637567545 97.2108 0.333486 2438 1.82182
637600313 97.094 0.347244 2340 1.86339
637633081 95.3248 0.468318 2032 1.84458
637567549 0 0 3626 0
637633085 0 0 1715 0
637567661 0 0 2661 0
637633197 0 0 1330 0
637567665 79.259 0.813675 2483 1.4563
637600433 78.8385 0.856727 2273 1.48881
637633201 88.5075 0.727289 1923 1.50994
637567669 0 0 2368 0
637600437 0 0 2684 0
637633205 0 0 2657 0
637567673 96.6009 0.371201 2383 1.69819
637600441 97.2234 0.339579 2341 1.95242
637633209 94.4195 0.51238 2007 1.79602
637567677 95.8816 0.326028 3715 1.66104
637633213 95.0307 0.513489 1791 1.72673
637567789 98.1961 0.215199 3825 1.87731
637633325 78.7012 0.960486 1817 1.60181
637567793 74.2399 0.898673 2368 1.2463
637600561 81.1281 0.80579 2358 1.28651
637633329 72.0102 1.01278 1965 1.56773
637567797 0 0 2359 0
637600565 0 0 2724 0
637633333 0 0 2686 0
637567801 96.6283 0.366012 2432 1.55047
637600569 95.4317 0.446273 2189 1.74305
637633337 97.7369 0.395507 1414 1.85981
637567805 95.3018 0.342809 3810 1.59034
637633341 97.0238 0.414586 1680 1.83911
637567917 96.6347 0.298285 3655 1.82659
637633453 95.8002 0.477852 1762 1.97392
637567921 94.3076 0.46554 2477 1.61396
637600689 96.6913 0.373198 2297 1.71069
637633457 97.012 0.379948 2008 1.813
637567925 96.4332 0.386795 2299 1.67298
637600693 96.4794 0.356673 2670 2.00601
637633461 97.0665 0.325171 2693 1.92269
637567929 95.3915 0.423422 2452 1.66066
637600697 96.1741 0.402252 2274 1.79405
637633465 96.3868 0.420994 1965 1.67528
637567933 0 0 3721 0
637633469 0 0 1632 0
637568045 98.7789 0.178943 3767 2.03805
637633581 96.7838 0.430574 1679 2.12479
637568049 95.7058 0.418016 2352 1.46274
637600817 93.7897 0.513845 2206 1.74584
637633585 97.0724 0.382049 1947 1.91652
637568053 98.2441 0.275188 2278 2.34542
637600821 98.3168 0.251614 2614 2.49598
637633589 97.3248 0.313213 2654 2.41928
637568057 84.2578 0.735492 2452 1.40723
637600825 96.2621 0.397783 2274 1.69666
637633593 96.9666 0.385621 1978 1.71263
637568061 95.9009 0.334514 3513 1.52207
637633597 97.5207 0.377798 1694 2.29833
637568173 97.5233 0.253621 3755 1.68825
637633709 97.8688 0.342029 1783 1.76529
637568177 96.8434 0.35173 2471 1.6386
637600945 95.5645 0.435785 2232 1.52376
637633713 96.9316 0.386795 1988 1.66561
637568181 95.4545 0.435471 2288 1.5692
637600949 95.0936 0.418023 2670 1.58726
637633717 89.6643 0.591256 2651 1.65865
637568185 95.7871 0.393136 2611 1.57936
637600953 96.2025 0.399326 2291 1.61478
637633721 96.2444 0.425442 1997 1.73632
637568189 96.3154 0.31008 3691 1.79481
637633725 97.8477 0.340918 1812 2.12069
637568301 95.113 0.349468 3806 1.64301
637633837 97.6771 0.358545 1765 2.08842
637568305 48.323 1.01687 2415 1.19705
637601073 83.4489 0.773582 2308 1.44256
637633841 86.3189 0.762345 2032 1.33464
637568309 72.0387 0.941787 2271 1.2126
637601077 74.8751 0.850126 2603 1.35557
637633845 89.0422 0.620154 2537 1.5443
637568313 94.5911 0.470522 2311 1.50076
637601081 97.1516 0.34823 2282 1.59777
637633849 93.9135 0.552432 1873 1.74562
637568317 97.4413 0.25645 3791 1.63203
637633853 96.3465 0.455441 1697 1.87249
637568429 92.3907 0.430237 3798 1.52236
637633965 98.3683 0.305836 1716 2.20952
637568433 94.5643 0.470907 2318 1.59063
637601201 96.477 0.391815 2214 1.87653
637633969 95.7424 0.465769 1879 1.79541
637568437 95.2846 0.436884 2354 1.55141
637601205 94.3086 0.442516 2741 1.72397
637633973 96.5828 0.352046 2663 1.8092
637568441 94.619 0.447189 2546 1.44456
637601209 92.3826 0.545717 2363 1.5984
637633977 80 0.888889 2025 1.91041
637568445 97.6115 0.248749 3768 1.7228
637633981 96.6611 0.423793 1797 1.70864
637569069 0 0 1942 0
637601837 0 0 2382 0
637634605 0 0 1188 0
637569073 0 0 3628 0
637634609 0 0 3482 0
637569077 97.8797 0.243858 3490 2.16086
637634613 97.6139 0.251308 3688 2.1447
637569081 94.8913 0.362948 3680 1.45339
637634617 97.0868 0.289959 3364 1.88836
637569085 96.7277 0.418992 1803 1.55983
637601853 82.2678 0.765876 2487 1.8937
637634621 97.8778 0.41992 1178 1.67702
637569197 98.1951 0.316163 1773 1.80627
637601965 95.6962 0.416868 2370 2.05536
637634733 97.4256 0.4492 1243 2.00336
637569201 96.8351 0.285497 3760 1.55718
637634737 95.2533 0.362855 3434 1.64173
637569205 95.9363 0.332844 3519 1.62777
637634741 96.408 0.301326 3814 1.73884
637569209 95.0429 0.361209 3611 2.06968
637634745 93.3705 0.42612 3409 1.66658
637569213 97.3913 0.371589 1840 1.78934
637601981 96.3058 0.390924 2328 1.76369
637634749 98.1832 0.367469 1321 1.91285
637569325 96.2514 0.445985 1814 1.58282
637602093 88.1962 0.657792 2406 1.95132
637634861 96.9072 0.487523 1261 1.97676
637569329 94.7817 0.410718 2932 1.47919
637634865 96.3393 0.352328 2841 1.60552
637569333 97.3633 0.287306 3110 1.96593
637634869 90.2889 0.511063 3357 1.54628
637569337 0 0 3652 0
637634873 0 0 3369 0
637569341 80.9343 0.915516 1841 1.56627
637602109 96.9108 0.337906 2622 1.8935
637634877 94.7665 0.631921 1242 2.03494
637569453 0 0 1657 0
637602221 0 0 2107 0
637634989 0 0 1210 0
637569457 0 0 3726 0
637634993 97.2549 0.283787 3315 2.29499
637569461 0 0 3662 0
637634997 0 0 3924 0
637569465 94.4164 0.421098 2973 1.42369
637635001 94.7751 0.41394 2890 1.45277
637569469 0 0 1762 0
637602237 0.175055 0.0874507 2285 1.2
637635005 0 0 1192 0
637569581 95.8378 0.461367 1874 1.58468
637602349 96.5191 0.379973 2327 1.88132
637635117 97.8005 0.411075 1273 1.91338
637569585 95.6943 0.332987 3716 1.61003
637635121 96.7625 0.295689 3583 1.80553
637569589 98.1751 0.226024 3507 2.16066
637635125 97.2094 0.263533 3906 2.04952
637569593 95.3811 0.353324 3529 1.56048
637635129 0 0 3404 0
637569597 93.915 0.57276 1742 1.47845
637602365 96.5471 0.38415 2259 1.78266
637635133 96.8137 0.502018 1224 1.89507
637569709 96.5438 0.506241 1302 1.612
637602477 95.677 0.512778 1573 1.80675
637635245 97.6546 0.494145 938 1.78934
637569713 95.7329 0.336437 3609 1.59687
637635249 95.0275 0.379673 3278 1.71258
637569717 93.6907 0.406235 3582 1.92879
637635253 95.627 0.331908 3796 1.57062
637569721 95.2568 0.356103 3563 1.63101
637635257 96.2811 0.323804 3415 1.79262
637569725 97.4033 0.373815 1810 1.81187
637602493 95.8076 0.421019 2266 1.70146
637635261 89.6443 0.856656 1265 1.66594
637569837 97.4247 0.370784 1825 1.60669
637602605 97.7425 0.303723 2392 1.65828
637635373 96.7275 0.490811 1314 1.6281
637569841 0 0 3525 0
637635377 0 0 3409 0
637569845 97.4295 0.264532 3579 1.83737
637635381 91.8224 0.441513 3852 1.74603
637569849 95.0395 0.364523 3548 1.58404
637635385 96.7707 0.334855 2787 1.80278
637569853 95.0568 0.5167 1760 1.40182
637602621 96.6918 0.365994 2388 1.7319
637635389 97.0089 0.484325 1237 1.70007
637569965 95.9405 0.47189 1749 1.51971
637602733 96.5101 0.380938 2321 1.76144
637635501 96.8168 0.48916 1288 1.89055
637569969 92.098 0.447631 3632 1.61402
637635505 96.8041 0.303986 3348 1.93526
637569973 0 0 3485 0
637635509 0 0 3930 0
637569977 94.1359 0.394501 3547 1.72765
637635513 79.964 0.693218 3334 1.79585
637569981 97.3997 0.378382 1769 1.58653
637602749 84.0034 0.758123 2338 1.28955
637635517 96.1506 0.562688 1169 1.70694
637570093 97.5788 0.364728 1776 1.72765
637602861 98.0467 0.285171 2355 1.77742
637635629 95.0503 0.628241 1192 1.72701
637570097 95.3734 0.359461 3415 1.56207
637635633 95.2194 0.371125 3305 1.63888
637570101 97.6204 0.256528 3530 2.36236
637635637 97.11 0.274044 3737 2.63019
637570105 88.166 0.540911 3566 1.73088
637635641 97.0738 0.291239 3349 2.10021
637570109 95.7988 0.488003 1690 1.49312
637602877 96.4578 0.393911 2202 1.61505
637635645 98.3193 0.372638 1190 1.70997
637570221 97.5234 0.364591 1817 1.63499
637602989 95.7547 0.417512 2332 1.88136
637635757 97.9447 0.398921 1265 1.84734
637570225 94.6678 0.375398 3582 1.7374
637635761 97.259 0.283366 3320 2.03021
637570229 95.6732 0.343272 3513 1.58499
637635765 92.1122 0.438535 3778 1.86503
637570233 96.6138 0.296514 3721 1.66633
637635769 95.4397 0.359 3377 1.74163
637570237 96.1473 0.458119 1765 1.56574
637603005 97.7509 0.308371 2312 1.63083
637635773 89.6774 0.864022 1240 1.79693
637570349 96.4821 0.442425 1734 1.5444
637603117 96.3659 0.38247 2394 1.76937
637635885 96.1417 0.540444 1270 1.72914
637570353 96.3036 0.31693 3544 1.62287
637635889 96.4938 0.315727 3394 1.80333
637570357 95.3052 0.362342 3408 1.58065
637635893 92.3778 0.440971 3621 1.73879
637570361 97.5711 0.264951 3376 1.86353
637635897 89.6132 0.538821 3206 1.72719
637570365 97.9626 0.336082 1767 1.53602
637603133 96.4225 0.383293 2348 1.64278
637635901 96.2449 0.543165 1225 1.6922
637570477 96.8714 0.415203 1758 1.51812
637603245 96.5206 0.379813 2328 1.67179
637636013 96.8673 0.500172 1213 1.78843
637570481 92.0728 0.462917 3406 1.69163
637636017 82.4621 0.668826 3233 1.51627
637570485 95.1939 0.353462 3662 1.68004
637636021 94.5402 0.367206 3828 1.70302
637570489 0 0 3734 0
637636025 94.2599 0.397054 3432 1.63451
637570493 97.9341 0.336103 1791 1.84686
637603261 97.4624 0.326153 2325 1.8663
637636029 89.6337 0.85101 1283 1.46755
637567053 96.6245 0.443396 1659 1.58387
637632589 97.0386 0.444877 1452 1.72982
637567057 96.6456 0.452972 1580 1.60313
637632593 80.993 1.09283 1289 1.43016
637567061 96.4361 0.490078 1431 1.5177
637632597 96.0261 0.498599 1535 1.56928
637567065 90.8203 0.736732 1536 1.58313
637632601 96.8195 0.477242 1352 1.80493
637567069 0 0 1631 0
637632605 0 0 1520 0
637567181 93.6875 0.607969 1600 1.44884
637632717 94.7666 0.592235 1414 1.50305
637567185 0 0 1610 0
637632721 0 0 1318 0
637567189 97.6331 0.389781 1521 1.52941
637632725 73.6067 1.11559 1561 1.43982
637567193 96.8961 0.450489 1482 1.47272
637632729 96.48 0.521237 1250 1.5956
637567197 98.0013 0.36124 1501 1.62485
637632733 94.6588 0.61243 1348 1.43028
637567309 95.716 0.500944 1634 1.47096
637632845 96.0867 0.512609 1431 1.43573
637567313 0 0 1212 0
637632849 0 0 1077 0
637567317 97.608 0.393874 1505 1.86621
637632853 61.9593 1.22448 1572 1.48496
637567321 97.2594 0.412171 1569 1.50243
637632857 95.6687 0.561134 1316 1.58786
637567325 96.7192 0.456306 1524 1.46373
637632861 96.859 0.471412 1369 1.41481
637567437 97.4377 0.415812 1444 1.52469
637632973 92.3763 0.755755 1233 1.64811
637567441 0 0 1499 0
637632977 0 0 1340 0
637567445 0 0 1463 0
637632981 0 0 1657 0
637567449 94.7627 0.637291 1222 1.32511
637632985 97.5214 0.480022 1049 1.56489
637567453 85.0582 0.906681 1546 1.28892
637632989 98.1343 0.369637 1340 1.76794
637567565 83.0165 0.945241 1578 1.19461
637633101 96.018 0.535965 1331 1.58126
637567569 0 0 1516 0
637633105 0 0 1348 0
637567573 0 0 1456 0
637633109 0 0 1637 0
637567577 93.7458 0.631331 1471 1.39627
637633113 98.6696 0.31148 1353 2.34159
637567581 94.801 0.562447 1558 1.56913
637633117 97.3605 0.440233 1326 1.72334
637567693 0 0 1496 0
637633229 0 0 1361 0
637567697 0 0 1500 0
637633233 0 0 1323 0
637567701 0 0 1402 0
637633237 0 0 1512 0
637567705 97.1811 0.439378 1419 1.67687
637633241 90.0536 0.82784 1307 1.69992
637567709 0 0 1509 0
637633245 0 0 1348 0
637567821 76.7959 1.06436 1573 1.67404
637633357 78.2885 1.0964 1414 1.51481
637567825 96.6959 0.464153 1483 1.58911
637633361 96.251 0.525442 1307 1.59358
637567829 97.3387 0.415158 1503 1.6592
637633365 95.2776 0.535849 1567 1.69222
637567833 96.3014 0.493924 1460 1.56514
637633369 95.6315 0.576044 1259 1.51134
637567837 97.6494 0.392621 1489 1.55358
637633373 96.3251 0.500167 1415 1.70683
637567949 86.8746 0.860763 1539 1.28
637633485 96.8323 0.469931 1389 1.79217
637567953 96.6754 0.457739 1534 1.46172
637633489 97 0.473124 1300 1.70064
637567957 0 0 1570 0
637633493 0 0 1691 0
637567961 97.2019 0.425678 1501 1.91972
637633497 87.239 0.927895 1293 1.65214
637567965 97.4582 0.391892 1613 1.75608
637633501 93.935 0.641363 1385 1.59298
637568077 98.3651 0.330979 1468 1.82019
637633613 98.6975 0.304987 1382 2.12565
637568081 0 0 1357 0
637633617 0 0 1296 0
637568085 98.4925 0.326483 1393 2.48143
637633621 98.1543 0.345579 1517 2.45615
637568089 96.5416 0.495663 1359 1.63131
637633625 65.1125 1.35132 1244 1.65353
637568093 0 0 1467 0
637633629 0 0 1318 0
637568205 0 0 1644 0
637633741 0 0 1406 0
637568209 0 0 1482 0
637633745 0 0 1268 0
637568213 94.2384 0.599648 1510 1.63485
637633749 82.2411 0.978306 1526 1.54912
637568217 94.4006 0.616004 1393 1.61626
637633753 96.9447 0.49456 1211 1.66048
637568221 94.7647 0.573387 1509 1.47915
637633757 98.0258 0.383328 1317 1.55703
637568333 0 0 1427 0
637633869 0 0 1401 0
637568337 0 0 1395 0
637633873 0 0 1294 0
637568341 0 0 1384 0
637633877 0 0 1407 0
637568345 92.9403 0.691037 1374 1.51817
637633881 95.5321 0.588841 1231 1.66743
637568349 0 0 1423 0
637633885 0 0 1412 0
637568461 98.8644 0.282273 1409 2.22292
637633997 99.0978 0.249081 1441 2.56516
637568465 94.1134 0.634526 1376 1.35926
637634001 95.684 0.579908 1228 1.48753
637568469 0 0 1545 0
637634005 0 0 1593 0
637568473 95.2818 0.542771 1526 1.43069
637634009 94.3745 0.626872 1351 1.79232
637568477 0 0 1621 0
637634013 0 0 1389 0
637571149 96.1538 0.523008 1352 1.59126
637636685 98.5974 0.337796 1212 1.68906
637571153 96.0248 0.486918 1610 1.4164
637636689 93.1937 0.688783 1337 1.67035
637571157 95.9871 0.499314 1545 1.62932
637636693 97.791 0.359117 1675 1.75163
637571161 96.9166 0.425058 1654 1.51435
637636697 96.9602 0.479295 1283 1.95175
637571165 95.6397 0.545967 1399 1.64281
637636701 97.1614 0.472953 1233 2.05241
637571277 91.4501 0.731307 1462 1.37531
637636813 95.2265 0.606438 1236 1.41945
637571281 0 0 1672 0
637636817 0 0 1319 0
637571285 0 0 1533 0
637636821 0 0 1582 0
637571289 86.5861 0.837727 1655 1.33766
637636825 59.6774 1.35948 1302 1.17745
637571293 95.6358 0.560402 1329 1.41131
637636829 97.5268 0.445925 1213 1.62608
637571405 0 0 1468 0
637636941 0 0 1190 0
637571409 0 0 1398 0
637636945 0 0 1064 0
637571413 97.1501 0.418741 1579 1.54476
637636949 96.1015 0.481497 1616 1.69905
637571417 96.6371 0.454102 1576 1.58189
637636953 96.3554 0.516384 1317 1.6265
637571421 92.003 0.741544 1338 1.57374
637636957 98.0631 0.369124 1394 2.09982
637571533 98.8819 0.277958 1431 1.78767
637637069 98.5306 0.343784 1225 2.0501
637571537 0 0 1771 0
637637073 0 0 1322 0
637571541 0 0 1642 0
637637077 0 0 1816 0
637571545 96.852 0.451901 1493 1.30397
637637081 96.6856 0.550872 1056 1.55592
637571549 96.4868 0.461147 1594 1.4738
637637085 97.3413 0.471119 1166 1.52284
637571661 95.2659 0.540811 1542 1.58667
637637197 97.516 0.440559 1248 1.81568
637571665 0 0 1603 0
637637201 0 0 1392 0
637571669 0 0 1577 0
637637205 0 0 1706 0
637571673 96.7316 0.445775 1591 1.49622
637637209 98.0539 0.377931 1336 1.80592
637571677 95.2663 0.544511 1521 1.60209
637637213 97.8774 0.404144 1272 1.70773
637571789 0 0 1541 0
637637325 0 0 1265 0
637571793 0 0 1684 0
637637329 0 0 1273 0
637571797 0 0 1641 0
637637333 0 0 1706 0
637571801 95.9145 0.496282 1591 1.47642
637637337 91.0459 0.783211 1329 1.66483
637571805 97.3913 0.412241 1495 1.4794
637637341 97.8208 0.414788 1239 1.57866
637571917 92.022 0.710576 1454 1.98504
637637453 98.7542 0.319666 1204 2.34643
637571921 95.9672 0.493827 1587 1.44878
637637457 98.2196 0.360176 1348 1.70922
637571925 97.5263 0.386261 1617 1.79231
637637461 97.8132 0.355549 1692 2.0982
637571929 0 0 1593 0
637637465 0 0 1316 0
637571933 96.3134 0.483481 1519 1.57979
637637469 97.8845 0.41048 1229 1.96094
637572045 0 0 1621 0
637637581 0 0 1179 0
637572049 84.1974 0.911629 1601 1.33436
637637585 97.8857 0.402579 1277 1.63586
637572053 0 0 1613 0
637637589 0 0 1800 0
637572057 0 0 1641 0
637637593 0 0 1399 0
637572061 97.1774 0.429343 1488 1.77145
637637597 98.4615 0.350222 1235 1.72476
637572173 95.3243 0.579768 1326 1.68386
637637709 94.6281 0.648159 1210 1.98348
637572177 0 0 643 0
637637713 0 0 636 0
637572181 98.5915 0.298161 1562 2.54354
637637717 98.0711 0.337675 1659 2.55061
637572185 82.5753 0.960078 1561 1.64933
637637721 97.907 0.398565 1290 1.71196
637572189 96.9454 0.464072 1375 1.4397
637637725 98.2456 0.398937 1083 1.60798
637572301 0 0 1614 0
637637837 0 0 1279 0
637572305 0 0 1548 0
637637841 0 0 1407 0
637572309 96.0847 0.491388 1558 1.52635
637637845 96.055 0.475922 1673 1.78167
637572313 95.5262 0.518935 1587 1.65136
637637849 96.5598 0.509629 1279 1.85507
637572317 0 0 1521 0
637637853 0 0 1281 0
637572429 97.0443 0.449278 1421 1.67278
637637965 96.8492 0.478456 1333 1.75033
637572433 54.8325 1.26324 1552 1.35294
637637969 84.6626 0.997891 1304 2.22407
637572437 0 0 1545 0
637637973 0 0 1536 0
637572441 96.4811 0.466062 1563 1.61816
637637977 95.8819 0.553895 1287 1.79555
637572445 93.0331 0.675371 1421 1.39343
637637981 98.7971 0.30871 1247 2.34707
637572557 98.3382 0.343628 1384 1.66363
637638093 96.4795 0.533583 1193 1.76934
637572561 0 0 1615 0
637638097 0 0 1351 0
637572565 0 0 1511 0
637638101 0 0 1688 0
637572569 96.4978 0.459732 1599 1.58501
637638105 91.673 0.76365 1309 1.70197
637572573 0 0 1435 0
637638109 0 0 1228 0
637567085 100 0 12 2
637632621 90.9091 8.66784 11 1.92308
637567089 0 0 530 0
637632625 0 0 996 0
637567093 0 0 790 0
637632629 0 0 882 0
637567097 84.657 1.5312 554 1.36804
637632633 52.4731 1.63756 930 1.34694
637567101 81.25 9.75781 16 2.07143
637632637 100 0 6 1.66667
637567213 88.2353 7.81425 17 1.25
637632749 88.8889 10.4757 9 1.125
637567217 0 0 586 0
637632753 0 0 947 0
637567221 96.9121 0.596161 842 1.60549
637632757 93.3775 0.826168 906 1.64964
637567225 95.9936 0.785067 624 1.41369
637632761 93.841 0.8045 893 1.67487
637567229 91.4286 4.73188 35 1.64865
637632765 100 0 9 1.72727
637567341 97.546 1.21185 163 1.81106
637632877 83.7514 1.2182 917 1.59813
637567345 0 0 612 0
637632881 0 0 760 0
637567349 97.6687 0.528563 815 1.64302
637632885 95.3488 0.700801 903 1.60661
637567353 95.935 0.796312 615 1.39819
637632889 94.0043 0.776821 934 1.56952
637567357 94.7368 1.81118 152 1.77723
637632893 90.9856 0.992873 832 1.48829
637567469 0 0 50 0
637633005 0 0 512 0
637567473 0 0 213 0
637633009 0 0 681 0
637567477 96.4497 0.821824 507 1.40347
637633013 97.6549 0.619351 597 1.59248
637567481 0 0 240 0
637633017 0 0 532 0
637567485 98.1132 1.86891 53 1.45455
637633021 96.1538 0.914715 442 1.45843
637567597 98.5743 0.534994 491 1.64236
637633133 98.1148 0.398114 1167 1.84003
637567601 86.9323 1.02607 1079 1.26867
637633137 80.8309 1.0627 1372 1.35979
637567605 95.3158 0.562916 1409 1.4057
637633141 93.5421 0.627739 1533 1.51248
637567609 97.2169 0.509568 1042 1.49409
637633145 95.9911 0.534496 1347 1.54825
637567613 95.5912 0.919009 499 1.37931
637633149 96.4222 0.55549 1118 1.72342
637567725 97.4425 0.798358 391 1.45351
637633261 79.9127 2.64759 229 1.8355
637567729 92.1803 0.814327 1087 1.582
637633265 91.2319 0.761355 1380 1.78091
637567733 96.4789 0.489117 1420 1.49837
637633269 96.4729 0.471438 1531 1.61191
637567737 94.2723 0.712045 1065 1.65049
637633273 98.1631 0.363987 1361 2.00468
637567741 94.7781 1.13676 383 1.47291
637633277 94.6429 1.50448 224 1.83446
637567853 0 0 12 0
637633389 0 0 2 0
637567857 97.1456 0.513653 1051 1.62478
637633393 96.7166 0.476093 1401 1.53477
637567861 0 0 1513 0
637633397 0 0 1624 0
637567865 98.0574 0.419782 1081 2.18814
637633401 91.8057 0.738601 1379 1.94946
637567869 80 12.6491 10 1.5
637633405 100 0 4 1.4
637567981 75.1309 2.21161 382 1.25857
637633517 92.4051 2.10757 158 1.61682
637567985 95.1718 0.653191 1077 1.45485
637633521 96.5262 0.497822 1353 1.67513
637567989 97.3475 0.413801 1508 1.70352
637633525 92.9305 0.630049 1655 1.84326
637567993 96.6728 0.545226 1082 1.55621
637633529 95.8104 0.525061 1456 1.68005
637567997 96.0835 0.991223 383 1.63488
637633533 96.0674 1.45686 178 1.98776
637568109 97.7612 0.737867 402 1.498
637633645 95.202 0.620075 1188 1.57907
637568113 94.2541 0.773577 905 1.56988
637633649 94.7587 0.642799 1202 1.64342
637568117 95.6338 0.542267 1420 1.88121
637633653 95.0809 0.550206 1545 2.01675
637568121 96.4143 0.586797 1004 1.65069
637633657 97.4281 0.435362 1322 1.75698
637568125 95.2809 1.0052 445 1.56667
637633661 96.2996 0.560326 1135 1.75399
637568237 93.8575 1.19017 407 1.5084
637633773 97.9403 0.37851 1408 1.67221
637568241 87.4852 1.13694 847 1.58696
637633777 94.4728 0.66635 1176 1.52746
637568245 96.4005 0.476538 1528 1.49334
637633781 96.3783 0.483848 1491 1.62324
637568249 0 0 1073 0
637633785 0 0 1414 0
637568253 82.8877 1.94744 374 1.4837
637633789 97.5373 0.423387 1340 1.69599
637568365 96.5739 0.84173 467 1.39721
637633901 97.2926 0.47964 1145 1.73218
637568369 95.8904 0.644397 949 1.63359
637633905 93.1324 0.669483 1427 1.62281
637568373 86.7123 0.888359 1460 1.49153
637633909 94.0206 0.621596 1455 1.5135
637568377 93.8477 0.7509 1024 1.44137
637633913 96.8558 0.483256 1304 1.63732
637568381 96.8675 0.855091 415 1.83757
637633917 83.6184 1.11038 1111 1.59054
637568493 95.2703 1.74488 148 1.42697
637634029 97.7337 0.560115 706 1.53549
637568497 0 0 507 0
637634033 0 0 697 0
637568501 98.6686 0.440823 676 2.39359
637634037 91.475 1.02725 739 1.58673
637568505 94.7935 0.941311 557 1.45116
637634041 95.9097 0.743848 709 1.50929
637568509 96.9697 1.3345 165 1.54634
637634045 85.0843 1.28298 771 1.52276
637571181 81.8182 11.6291 11 1.55556
637636717 100 0 2 2
637571185 0 0 1134 0
637636721 0 0 1380 0
637571189 96.8641 0.460083 1435 1.62105
637636725 96.4493 0.470197 1549 1.7257
637571193 96.2489 0.574737 1093 1.67918
637636729 93.9456 0.622036 1470 1.66207
637571197 0 0 29 0
637636733 83.3333 15.2145 6 1.5
637571309 94.8529 1.09389 408 1.39529
637636845 97.5845 1.0671 207 1.9759
637571313 0 0 1129 0
637636849 0 0 1399 0
637571317 82.1095 0.990267 1498 1.57258
637636853 94.8467 0.564654 1533 1.75263
637571321 97.7619 0.44259 1117 1.48087
637636857 96.8896 0.484092 1286 1.52205
637571325 93.6585 1.20358 410 1.48837
637636861 96.3303 1.27342 218 1.71264
637571437 97.5207 0.706795 484 1.55872
637636973 96.9302 0.526112 1075 1.74748
637571441 0 0 739 0
637636977 0 0 1180 0
637571445 95.6304 0.547114 1396 1.46712
637636981 95.1668 0.559564 1469 1.59871
637571449 95.2209 0.640579 1109 1.41145
637636985 95.3928 0.576149 1324 1.54905
637571453 96.9432 0.804373 458 1.51901
637636989 96.5251 0.568999 1036 1.73128
637571565 0 0 336 0
637637101 0 0 846 0
637571569 0 0 732 0
637637105 0 0 991 0
637571573 96.4876 0.591698 968 1.44267
637637109 96.517 0.555097 1091 1.41032
637571577 0 0 699 0
637637113 0 0 805 0
637571581 97.7528 0.785524 356 1.43387
637637117 96.5157 0.624966 861 1.58226
637571693 0 0 275 0
637637229 0 0 876 0
637571697 84.0804 1.43834 647 1.13312
637637233 0.29615 0.170729 1013 2.18841
637571701 96.3496 0.623754 904 1.46721
637637237 95.8042 0.633699 1001 1.45111
637571705 95.7627 0.829309 590 1.49528
637637241 93.6909 0.788395 951 1.69478
637571709 97.3783 0.977842 267 1.57705
637637245 96.8862 0.601078 835 1.71224
637571821 96.6667 3.27731 30 1.87097
637637357 77.7778 13.858 9 1.7
637571825 97.0769 0.660726 650 1.56414
637637361 95.4298 0.688892 919 1.64747
637571829 97.062 0.557046 919 1.60159
637637365 95.0704 0.686648 994 1.5987
637571833 96.7846 0.707339 622 1.58529
637637369 97.7895 0.477015 950 1.54808
637571837 88 6.49923 25 1.33333
637637373 100 0 9 1.3
637571949 0 0 17 0
637637485 0 0 9 0
637571953 93.9103 0.957334 624 1.39734
637637489 97.817 0.471131 962 1.53985
637571957 0 0 943 0
637637493 0 0 1023 0
637571961 95.9936 0.785067 624 1.4403
637637497 95.5649 0.668997 947 1.80041
637571965 81.8182 11.6291 11 1.4
637637501 66.6667 27.2166 3 1
637572077 96.4413 1.10516 281 1.53453
637637613 97.3648 0.596544 721 1.61642
637572081 92.5987 1.06171 608 1.25914
637637617 95.8904 0.734726 730 1.78723
637572085 95.5446 0.725843 808 1.4603
637637621 96.0309 0.64826 907 1.637
637572089 96.2559 0.749827 641 1.49706
637637625 95.9583 0.711093 767 1.4976
637572093 0 0 282 0
637637629 0 0 671 0
637572333 94.5887 1.05256 462 1.35917
637637869 97.9433 0.377978 1410 1.79802
637572337 0 0 1076 0
637637873 0 0 1447 0
637572341 97.076 0.429461 1539 1.5703
637637877 89.5729 0.765948 1592 1.65116
637572345 97.6786 0.449954 1120 1.44992
637637881 96.7041 0.472772 1426 1.55217
637572349 97.7505 0.670575 489 1.63793
637637885 90.9363 0.785742 1335 1.76596
637572589 93.9828 1.27294 349 1.44959
637638125 96.6887 1.45612 151 2.26316
637572593 0.099108 0.0990589 1009 1
637638129 97.5151 0.427164 1328 1.74196
637572597 96.8854 0.447187 1509 1.52736
637638133 96.556 0.456316 1597 2.00702
637572601 96.6667 0.546218 1080 1.43178
637638137 96.7474 0.46666 1445 1.78524
637572605 97.8365 0.713311 416 1.69767
637638141 97.8947 1.04149 190 1.9375
637575661 0 0 340 0
637641197 0 0 848 0
637575665 97.4444 0.526017 900 1.47076
637641201 96.2523 0.574222 1094 1.47589
637575669 97.0667 0.503083 1125 1.59615
637641205 95.3642 0.604951 1208 1.73669
637575673 0 0 762 0
637641209 0 0 893 0
637575677 96.5147 0.949642 373 1.53829
637641213 96.9767 0.583878 860 1.56306
637579757 0 0 57 0
637645293 0 0 311 0
637579761 97.449 1.12621 196 1.38735
637645297 91.5663 1.36412 415 1.32415
637579765 96.9136 0.960831 324 1.42487
637645301 95.5145 1.06321 379 1.60907
637579769 0 0 155 0
637645305 0 0 387 0
637579773 92.8571 3.07818 70 1.39216
637645309 97.0199 0.978463 302 1.53421
