637566989 95.3594 0.448698 2198 1.69063
637632525 96.0752 0.456558 1809 1.91649
637566993 97.0114 0.276913 3781 1.68327
637632529 95.8663 0.347061 3290 2.1195
637566997 94.3971 0.358947 4105 1.95317
637632533 98.1469 0.205258 4317 2.87153
637567001 97.5072 0.252547 3811 2.40496
637632537 93.7734 0.445724 2939 1.88094
637567005 97.9354 0.301255 2228 2.63845
637632541 98.8938 0.245981 1808 2.84553
637567117 93.0416 0.532293 2285 1.69834
637632653 97.0248 0.398806 1815 2.09526
637567121 0 0 3829 0
637632657 0 0 3345 0
637567125 0 0 3888 0
637632661 0 0 4483 0
637567129 95.4058 0.334472 3918 1.86893
637632665 94.2069 0.411177 3228 2.09458
637567133 95.7243 0.42258 2292 1.60024
637632669 95.1271 0.495501 1888 1.84975
637567245 95.4911 0.438424 2240 1.81555
637632781 96.7497 0.412733 1846 2.1392
637567249 0 0 2977 0
637632785 0 0 2678 0
637567253 94.4839 0.41003 3100 1.87834
637632789 95.4348 0.324402 4140 1.91485
637567257 94.2752 0.37647 3808 1.73287
637632793 96.9552 0.296853 3350 2.06971
637567261 95.6719 0.413139 2426 1.53881
637632797 97.1212 0.375776 1980 2.0267
637567373 95.351 0.458569 2108 1.68298
637632909 97.4891 0.365537 1832 2.06746
637567377 96.224 0.305503 3893 2.00497
637632913 95.7321 0.347988 3374 2.19306
637567381 95.0824 0.361447 3579 1.68912
637632917 95.017 0.327477 4415 1.79969
637567385 93.4573 0.450639 3011 1.67313
637632921 96.8773 0.331433 2754 1.8222
637567389 95.7929 0.431649 2163 1.64319
637632925 97.2742 0.376452 1871 2.031
637567501 94.0651 0.499112 2241 1.71394
637633037 98.3042 0.297227 1887 2.33694
637567505 96.8229 0.283033 3840 1.83727
637633041 95 0.374877 3380 1.98829
637567509 0 0 4088 0
637633045 0 0 4383 0
637567513 96.2127 0.307446 3855 1.90448
637633049 94.1077 0.395389 3547 1.9408
637567517 0 0 0 0
637633053 0 0 0 0
637567629 95.1264 0.461683 2175 1.81944
637633165 97.8777 0.323982 1979 2.03671
637567633 95.195 0.343748 3871 1.84542
637633169 96.6421 0.309169 3395 2.1148
637567637 96.0663 0.305765 4042 2.00557
637633173 95.1125 0.31707 4624 2.14011
637567641 94.68 0.359793 3891 1.79066
637633177 89.3333 0.531354 3375 2.04326
637567645 96.1091 0.40895 2236 1.76229
637633181 93.0578 0.585113 1887 1.86324
637567757 0 0 2333 0
637633293 0 0 2013 0
637567761 96.2559 0.306116 3846 1.80172
637633297 97.0769 0.288008 3421 1.93118
637567765 96.7822 0.277644 4040 1.94864
637633301 94.3888 0.35116 4295 2.0104
637567769 0 0 3594 0
637633305 0 0 3342 0
637567773 0 0 2289 0
637633309 0 0 2023 0
637567885 94.673 0.467349 2309 1.6412
637633421 94.3056 0.5586 1721 1.84969
637567889 0 0 3822 0
637633425 0 0 3302 0
637567893 92.3418 0.417298 4061 1.74327
637633429 93.0489 0.385203 4359 1.83456
637567897 96.4193 0.299302 3854 2.24415
637633433 90.5135 0.499102 3447 1.74638
637567901 94.7984 0.566225 1538 1.61816
637633437 95.5925 0.551748 1384 2.10133
637568013 97.1321 0.361892 2127 1.81928
637633549 97.8806 0.340142 1793 2.37757
637568017 96.249 0.306663 3839 1.81335
637633553 95.8763 0.351445 3201 2.0319
637568021 97.0881 0.265256 4018 2.2339
637633557 95.7517 0.30985 4237 2.14269
637568025 94.824 0.359107 3806 1.73768
637633561 95.8448 0.348825 3273 1.96048
637568029 89.4345 0.643629 2281 1.90135
637633565 97.7674 0.336647 1926 2.54108
637568141 94.8816 0.453248 2364 1.66667
637633677 97.0633 0.379904 1975 2.75681
637568145 0 0 3917 0
637633681 0 0 3420 0
637568149 0 0 4029 0
637633685 0 0 4200 0
637568153 95.2935 0.34056 3867 1.7094
637633689 97.1197 0.289704 3333 1.89296
637568157 94.5922 0.480132 2219 1.7795
637633693 95.79 0.446924 2019 2.13503
637568269 76.6285 0.887839 2272 1.81643
637633805 97.9426 0.330302 1847 2.07385
637568273 0 0 3790 0
637633809 0 0 3393 0
637568277 95.0088 0.345742 3967 2.07497
637633813 92.5517 0.398085 4350 2.02547
637568281 94.463 0.381487 3594 1.88906
637633817 96.2602 0.336354 3182 2.10743
637568285 94.709 0.470049 2268 2.13635
637633821 98.374 0.30478 1722 2.5354
637568397 96.5278 0.381407 2304 1.77262
637633933 97.2253 0.386919 1802 2.1811
637568401 94.1803 0.38698 3660 1.65762
637633937 96.8075 0.315697 3101 2.16069
637568405 94.369 0.362272 4049 1.80346
637633941 73.7942 0.666447 4354 1.50191
637568409 82.9166 0.610624 3799 1.72459
637633945 96.0562 0.336429 3347 2.02077
637568413 0 0 2356 0
637633949 96.7987 0.410049 1843 2.26806
637569037 94.9716 0.440063 2466 1.58422
637634573 97.9572 0.315764 2007 1.81362
637569041 96.3723 0.322425 3363 1.8247
637634577 97.6183 0.263088 3359 1.97038
637569045 82.3675 0.631575 3641 1.43834
637634581 77.6818 0.673509 3822 1.4067
637569049 83.0583 0.643893 3394 1.76486
637634585 96.9658 0.306541 3131 1.86054
637569053 83.5448 0.73831 2522 1.36632
637634589 0 0 2051 0
637569165 95.2576 0.429756 2446 1.81498
637634701 97.6109 0.337195 2051 2.19272
637569169 0 0 3457 0
637634705 0 0 3451 0
637569173 0 0 3435 0
637634709 0 0 3975 0
637569177 80.5312 0.665597 3539 1.45792
637634713 89.7138 0.524537 3354 1.57776
637569181 77.5518 0.833149 2508 1.36426
637634717 97.0574 0.371176 2073 1.94512
637569293 95.5749 0.418223 2418 1.76676
637634829 97.8207 0.324942 2019 2.21203
637569297 0 0 2702 0
637634833 0 0 2759 0
637569301 0 0 2793 0
637634837 0 0 3552 0
637569305 77.6089 0.712717 3421 1.38526
637634841 97.0423 0.291364 3381 2.03417
637569309 96.2583 0.363491 2726 1.64863
637634845 97.3272 0.346235 2170 1.86101
637569421 84.6395 0.763036 2233 2.29108
637634957 96.3722 0.428736 1902 2.01073
637569425 0 0 3521 0
637634961 93.1594 0.429784 3450 1.67874
637569429 93.9859 0.416462 3259 1.71093
637634965 95.0167 0.348752 3893 1.77181
637569433 94.8492 0.423966 2718 1.55869
637634969 95.9887 0.368077 2842 1.74464
637569437 0 0 2235 0
637634973 0 0 1986 0
637569549 95.8351 0.407728 2401 1.73385
637635085 95.3577 0.457934 2111 1.85916
637569553 96.8227 0.295419 3525 1.87752
637635089 92.7041 0.442514 3454 2.07925
637569557 0 0 3568 0
637635093 0 0 3855 0
637569561 0 0 3472 0
637635097 0 0 3534 0
637569565 0 0 0 0
637635101 0 0 0 0
637569677 98.2419 0.268879 2389 2.04283
637635213 93.9553 0.51992 2101 2.08579
637569681 95.4123 0.356507 3444 1.70031
637635217 97.6925 0.254989 3467 2.04353
637569685 0 0 3572 0
637635221 0 0 4073 0
637569689 96.3482 0.320605 3423 2.14584
637635225 98.1541 0.230403 3413 2.85751
637569693 96.3208 0.382753 2419 1.67132
637635229 96.7727 0.385005 2107 1.79077
637569805 96.322 0.380496 2447 1.50199
637635341 94.4264 0.494417 2153 1.93654
637569809 95.1313 0.369685 3389 1.68271
637635345 97.6053 0.259685 3466 1.76381
637569813 98.1419 0.226582 3552 2.72048
637635349 94.0991 0.381608 3813 1.93303
637569817 95.2881 0.367083 3332 1.76185
637635353 96.8467 0.298603 3425 1.82128
637569821 0 0 2482 0
637635357 0 0 2173 0
637569933 0 0 2358 0
637635469 0 0 2016 0
637569937 0 0 3420 0
637635473 0 0 3380 0
637569941 96.2993 0.312553 3648 1.85539
637635477 95.7486 0.327857 3787 1.93384
637569945 94.5876 0.384937 3455 1.94896
637635481 97.0572 0.284292 3534 2.01768
637569949 89.0995 0.810905 1477 1.84783
637635485 95.1068 0.566327 1451 1.81129
637570061 0 0 2281 0
637635597 0 0 2046 0
637570065 96.4296 0.320057 3361 1.82003
637635601 97.4359 0.274527 3315 2.05353
637570069 96.7014 0.299881 3547 1.97422
637635605 92.1291 0.439855 3748 2.15569
637570073 91.7083 0.472849 3401 1.43921
637635609 97.4436 0.273712 3325 1.77369
637570077 78.4768 0.836133 2416 1.26497
637635613 98.5889 0.255806 2126 2.57486
637570189 89.7563 0.591717 2626 1.47407
637635725 97.4371 0.341125 2146 1.8459
637570193 0 0 3524 0
637635729 0 0 3489 0
637570197 0 0 3541 0
637635733 0 0 3632 0
637570201 75.9872 0.72788 3444 1.2949
637635737 80.4192 0.672386 3483 1.45218
637570205 94.493 0.476902 2288 1.59922
637635741 96.3561 0.402433 2168 1.76043
637570317 92.8542 0.522007 2435 1.8789
637635853 97.1331 0.367844 2058 1.96403
637570321 0 0 3388 0
637635857 0 0 3453 0
637570325 96.3121 0.317434 3525 1.80728
637635861 94.0479 0.383962 3797 1.95152
637570329 90.2769 0.52555 3178 2.34237
637635865 98.3762 0.221224 3264 2.66306
637570333 89.1367 0.632428 2421 1.38889
637635869 96.1264 0.435641 1962 1.79378
637570445 96.1123 0.401754 2315 1.72158
637635981 82.0823 0.843928 2065 1.42314
637570449 95.1917 0.379267 3182 1.77848
637635985 93.58 0.435891 3162 1.88649
637570453 95.5647 0.341708 3630 1.53254
637635989 96.5662 0.294818 3815 1.84506
637570457 96.899 0.297898 3386 1.75595
637635993 98.1865 0.226395 3474 1.87122
637570461 93.48 0.493757 2500 1.63084
637635997 0 0 2133 0
637567021 0 0 3475 0
637632557 0 0 1507 0
637567025 0 0 2263 0
637599793 0 0 2047 0
637632561 0 0 1750 0
637567029 96.9159 0.373728 2140 1.85862
637599797 95.5379 0.421629 2398 1.6347
637632565 97.8372 0.299566 2358 1.78903
637567033 83.7696 0.770194 2292 1.32619
637599801 96.9436 0.37616 2094 1.82153
637632569 96.3065 0.442821 1814 1.94501
637567037 96 0.323249 3675 1.56553
637632573 96.8428 0.458093 1457 1.64476
637567149 97.4053 0.271451 3430 1.59948
637632685 95.1481 0.539347 1587 1.55596
637567153 97.1294 0.34563 2334 1.6875
637599921 97.7371 0.326319 2077 2.02029
637632689 97.2717 0.384401 1796 2.15343
637567157 95.6522 0.443328 2116 1.53149
637599925 96.563 0.368505 2444 1.76335
637632693 96.5602 0.368802 2442 1.77063
637567161 93.2337 0.526471 2276 1.6765
637599929 95.4998 0.451206 2111 1.68415
637632697 97.9524 0.333158 1807 1.94826
637567165 96.8732 0.297518 3422 1.72445
637632701 97.299 0.411101 1555 1.90152
637567277 97.3004 0.276128 3445 1.90546
637632813 89.8751 0.773483 1521 2.08591
637567281 97.4609 0.401381 1536 1.4704
637600049 95.8727 0.443583 2011 1.62318
637632817 97.8669 0.422047 1172 1.65878
637567285 88.1988 0.804048 1610 2.27649
637600053 98.2586 0.272932 2297 2.64592
637632821 91.5196 0.616808 2040 2.29802
637567289 97.0666 0.353082 2284 1.78955
637600057 96.5974 0.394124 2116 2.02466
637632825 92.5572 0.605174 1881 1.79248
637567293 95.3575 0.343679 3748 1.50981
637632829 33.4594 1.18444 1587 1.87219
637567405 0 0 3149 0
637632941 0 0 1429 0
637567409 87.3462 0.696861 2276 1.42905
637600177 95.8665 0.444231 2008 1.82922
637632945 97.1635 0.391514 1798 2.1073
637567413 96.9726 0.375598 2081 1.65992
637600181 95.9918 0.39669 2445 1.62933
637632949 32.9778 0.952146 2438 1.7667
637567417 95.2972 0.541042 1531 1.60776
637600185 98.2667 0.286364 2077 2.35366
637632953 98.6992 0.323081 1230 2.34515
637567421 94.4643 0.394504 3360 1.63232
637632957 97.3735 0.404771 1561 1.88084
637567533 91.261 0.491086 3307 1.4891
637633069 96.8892 0.44197 1543 1.93947
637567537 96.1375 0.397001 2356 1.54168
637600305 96.8269 0.384332 2080 1.66017
637633073 96.5672 0.431909 1777 1.8104
637567541 95.0666 0.481017 2027 1.46193
637600309 95.5917 0.409087 2518 1.66001
637633077 53.9669 1.01319 2420 1.5102
637567545 97.7997 0.310847 2227 1.765
637600313 98.2935 0.285977 2051 1.88688
637633081 94.4093 0.527621 1896 1.86753
637567549 0 0 3377 0
637633085 0 0 1534 0
637567661 0 0 2388 0
637633197 0 0 1211 0
637567665 77.9192 0.869066 2278 1.49063
637600433 81.3683 0.85766 2061 1.47093
637633201 88.9376 0.734036 1826 1.49842
637567669 0 0 2057 0
637600437 0 0 2416 0
637633205 0 0 2408 0
637567673 96.4742 0.387183 2269 1.70232
637600441 96.8809 0.377899 2116 1.96766
637633209 94.5003 0.524254 1891 1.82339
637567677 96.7111 0.306991 3375 1.6463
637633213 96.0235 0.498917 1534 1.64878
637567789 98.2538 0.223459 3436 1.84952
637633325 80.8561 0.959309 1682 1.60984
637567793 73.915 0.928802 2235 1.24733
637600561 79.7796 0.879184 2087 1.29861
637633329 70.8535 1.05285 1863 1.53505
637567797 0 0 2080 0
637600565 0 0 2492 0
637633333 0 0 2380 0
637567801 96.3355 0.394788 2265 1.54063
637600569 95.8658 0.439054 2056 1.77224
637633337 97.0769 0.467204 1300 1.79632
637567805 96.2248 0.326057 3417 1.5908
637633341 97.3802 0.40375 1565 1.83414
637567917 96.4402 0.319125 3371 1.81946
637633453 95.8827 0.496259 1603 1.99106
637567921 94.4111 0.493681 2165 1.60946
637600689 96.3718 0.416877 2012 1.76638
637633457 97.3289 0.380359 1797 1.92611
637567925 97.0106 0.373936 2074 1.7305
637600693 95.9723 0.39656 2458 1.99159
637633461 97.3628 0.330476 2351 1.90672
637567929 96.5388 0.395329 2138 1.62441
637600697 96.7936 0.394324 1996 1.76575
637633465 95.9116 0.46545 1810 1.68732
637567933 0 0 3364 0
637633469 0 0 1567 0
637568045 98.2679 0.229453 3233 2.03517
637633581 97.2204 0.422901 1511 2.12131
637568049 96.3256 0.405738 2150 1.45322
637600817 94.9177 0.483212 2066 1.74854
637633585 97.2866 0.386295 1769 1.86824
637568053 97.349 0.355936 2037 1.80206
637600821 96.661 0.369338 2366 1.94228
637633589 96.6709 0.370615 2343 1.87519
637568057 85.6422 0.751034 2180 1.40988
637600825 96.6974 0.393827 2059 1.71023
637633593 96.828 0.413418 1797 1.71139
637568061 96.1562 0.335788 3278 1.5453
637633597 97.3701 0.405283 1559 2.26809
637568173 97.8223 0.247059 3490 1.67009
637633709 98.2267 0.332133 1579 1.77126
637568177 97.4517 0.330321 2276 1.66889
637600945 97.2816 0.358296 2060 1.5777
637633713 97.4033 0.373815 1810 1.68123
637568181 95.9214 0.438463 2035 1.61464
637600949 95.0617 0.447042 2349 1.57749
637633717 89.0312 0.645603 2343 1.66928
637568185 96.0142 0.411685 2258 1.57407
637600953 95.962 0.429049 2105 1.63262
637633721 95.9699 0.455881 1861 1.74319
637568189 95.8554 0.34173 3402 1.81947
637633725 98.3161 0.327455 1544 2.18
637568301 95.7232 0.348696 3367 1.62422
637633837 97.4487 0.393336 1607 2.10471
637568305 48.1481 1.04918 2268 1.19064
637601073 84.8978 0.771876 2152 1.43779
637633841 85.3779 0.826851 1826 1.36339
637568309 73.1801 0.969527 2088 1.23424
637601077 76.2467 0.890091 2286 1.33444
637633845 88.1544 0.68065 2254 1.5861
637568313 94.8853 0.481648 2092 1.49426
637601081 96.5796 0.396148 2105 1.61392
637633849 93.9954 0.57085 1732 1.77101
637568317 97.9864 0.241717 3377 1.63325
637633853 95.3011 0.544394 1511 1.86097
637568429 91.9294 0.463266 3457 1.52423
637633965 98.3881 0.313562 1613 2.2539
637568433 95.6128 0.447253 2097 1.62043
637601201 97.3158 0.357052 2049 1.88857
637633969 96.2558 0.455638 1736 1.76115
637568437 94.7368 0.477702 2185 1.59251
637601205 95.4065 0.422078 2460 1.69055
637633973 97.4918 0.317092 2432 1.80786
637568441 94.9446 0.461361 2255 1.44524
637601209 95.4232 0.463602 2032 1.62911
637633977 78.4632 0.956253 1848 1.92575
637568445 98.0451 0.240092 3325 1.71644
637633981 96.8494 0.438487 1587 1.72553
637569069 0 0 1723 0
637601837 0 0 2186 0
637634605 0 0 1091 0
637569073 0 0 3227 0
637634609 0 0 3079 0
637569077 98.2126 0.232586 3245 2.17403
637634613 97.7413 0.254482 3409 2.15187
637569081 95.3115 0.371263 3242 1.4542
637634617 97.4214 0.281065 3180 1.86693
637569085 96.8187 0.429974 1666 1.54815
637601853 79.0873 0.856038 2257 1.87914
637634621 97.6348 0.467409 1057 1.70703
637569197 98.0512 0.341137 1642 1.82614
637601965 96.0612 0.418728 2158 2.0834
637634733 97.7153 0.442921 1138 1.99345
637569201 96.3615 0.323369 3353 1.55784
637634737 95.3971 0.377274 3085 1.66686
637569205 96.0436 0.344057 3210 1.64597
637634741 96.0229 0.330558 3495 1.73202
637569209 96.1386 0.33596 3289 2.05894
637634745 93.5463 0.439182 3130 1.63363
637569213 97.8994 0.361802 1571 1.82065
637601981 96.3256 0.405738 2150 1.7408
637634749 98.5546 0.358716 1107 1.93912
637569325 96.7624 0.437464 1637 1.59086
637602093 88.2841 0.690715 2168 1.98933
637634861 98.2648 0.394605 1095 1.92107
637569329 94.9003 0.430777 2608 1.4853
637634865 96.3092 0.37161 2574 1.6066
637569333 97.6358 0.292016 2707 1.9553
637634869 90.1077 0.539455 3063 1.543
637569337 0 0 3271 0
637634873 0 0 3110 0
637569341 81.5469 0.957308 1642 1.56842
637602109 97.1223 0.334225 2502 1.91702
637634877 95.8549 0.58576 1158 1.96208
637569453 0 0 1572 0
637602221 0 0 1883 0
637634989 0 0 999 0
637569457 0 0 3340 0
637634993 97.322 0.291748 3062 2.27736
637569461 0 0 3226 0
637634997 0 0 3494 0
637569465 95.0984 0.416042 2693 1.3988
637635001 94.9311 0.441739 2466 1.49394
637569469 0.0615385 0.0615195 1625 1
637602237 0.244021 0.108996 2049 1.2
637635005 0 0 1101 0
637569581 96.6313 0.450632 1603 1.5782
637602349 96.7507 0.390459 2062 1.88545
637635117 97.7359 0.456906 1060 1.87912
637569585 96.3017 0.322047 3434 1.58785
637635121 96.7122 0.321722 3072 1.79972
637569589 97.9987 0.2496 3148 2.133
637635125 97.6197 0.25814 3487 2.02783
637569593 95.3626 0.370998 3213 1.55595
637635129 0 0 3103 0
637569597 94.2283 0.593884 1542 1.51829
637602365 96.5731 0.396888 2101 1.72548
637635133 96.621 0.546037 1095 1.9159
637569709 96.6757 0.537359 1113 1.64493
637602477 96.0965 0.51597 1409 1.81951
637635245 98.3587 0.435032 853 1.84746
637569713 96.4307 0.322661 3306 1.577
637635249 95.5752 0.372304 3051 1.69904
637569717 93.8174 0.428842 3154 1.94422
637635253 95.402 0.356166 3458 1.57466
637569721 95.8883 0.347817 3259 1.62041
637635257 95.2094 0.380401 3152 1.76783
637569725 96.4308 0.464238 1597 1.78832
637602493 96.6383 0.392202 2112 1.71423
637635261 92.2303 0.809336 1094 1.6672
637569837 96.9388 0.435034 1568 1.53996
637602605 96.832 0.375298 2178 1.60759
637635373 96.1507 0.550566 1221 1.6097
637569841 0 0 3276 0
637635377 0 0 3180 0
637569845 97.6398 0.267525 3220 1.82134
637635381 91.8237 0.466561 3449 1.7621
637569849 95.1043 0.375112 3309 1.57699
637635385 97.4209 0.313349 2559 1.83339
637569853 95.0403 0.540586 1613 1.43902
637602621 97.5383 0.33395 2153 1.70024
637635389 96.7686 0.522592 1145 1.65643
637569965 96.1055 0.484872 1592 1.51676
637602733 96.5615 0.39547 2123 1.75391
637635501 97.028 0.502068 1144 1.80535
637569969 93.3498 0.438198 3233 1.64471
637635505 96.645 0.32499 3070 1.88951
637569973 0 0 3218 0
637635509 0 0 3472 0
637569977 95.1587 0.384324 3119 1.69558
637635513 86.9059 0.606558 3093 1.74576
637569981 96.4177 0.457942 1647 1.57995
637602749 82.845 0.819541 2116 1.27203
637635517 97.2902 0.480053 1144 1.65422
637570093 97.9003 0.367267 1524 1.68358
637602861 97.3774 0.352184 2059 1.76917
637635629 94.9234 0.679398 1044 1.66964
637570097 95.6149 0.365011 3147 1.55412
637635633 94.6106 0.409345 3043 1.65658
637570101 94.5034 0.408622 3111 1.72641
637635637 97.3868 0.278081 3291 2.03818
637570105 86.4991 0.602039 3222 1.73732
637635641 97.6691 0.273387 3046 2.07221
637570109 96.408 0.471307 1559 1.4702
637602877 97.177 0.362294 2090 1.62267
637635645 97.8957 0.434136 1093 1.72734
637570221 96.8504 0.429838 1651 1.68785
637602989 95.6951 0.429809 2230 1.8558
637635757 98.5803 0.352396 1127 1.85569
637570225 95.1389 0.373682 3312 1.75286
637635761 97.9921 0.254491 3038 2.05119
637570229 95.84 0.357186 3125 1.56191
637635765 92.5182 0.448904 3435 1.85064
637570233 97.0226 0.294756 3325 1.64437
637635769 95.7059 0.365639 3074 1.72165
637570237 97.2744 0.400736 1651 1.53389
637603005 96.3918 0.403711 2134 1.60259
637635773 89.0359 0.960563 1058 1.79086
637570349 96.9466 0.433944 1572 1.51575
637603117 96.8307 0.381012 2114 1.79498
637635885 97.561 0.455276 1148 1.69264
637570353 96.5328 0.31905 3288 1.64525
637635889 96.9793 0.305197 3145 1.80723
637570357 94.3055 0.42044 3038 1.61124
637635893 92.9543 0.445019 3307 1.71017
637570361 97.2964 0.296312 2996 1.82414
637635897 89.3645 0.559421 3037 1.69184
637570365 97.4058 0.395067 1619 1.51666
637603133 96.2825 0.407827 2152 1.60562
637635901 95.351 0.648515 1054 1.72049
637570477 96.2415 0.472093 1623 1.51703
637603245 96.5181 0.394993 2154 1.67264
637636013 97.6603 0.444975 1154 1.73642
637570481 92.3676 0.478503 3079 1.684
637636017 82.9097 0.688402 2990 1.49914
637570485 95.6639 0.352202 3344 1.70915
637636021 95.5801 0.350488 3439 1.6507
637570489 0 0 3281 0
637636025 94.8742 0.393477 3141 1.62379
637570493 98.1651 0.331911 1635 1.85274
637603261 97.5551 0.338139 2086 1.78952
637636029 89.6953 0.910059 1116 1.47819
637567053 96.8872 0.442252 1542 1.5949
637632589 98.6133 0.324586 1298 1.75647
637567057 96.1192 0.508432 1443 1.62169
637632593 81.6309 1.13451 1165 1.40584
637567061 96.6325 0.488079 1366 1.5144
637632597 97.0324 0.445784 1449 1.56405
637567065 89.241 0.84116 1357 1.62172
637632601 98.2067 0.387814 1171 1.79382
637567069 0 0 1434 0
637632605 0 0 1421 0
637567181 93.6242 0.63295 1490 1.40012
637632717 94.8819 0.618364 1270 1.50075
637567185 0 0 1402 0
637632721 0 0 1222 0
637567189 97.3763 0.437628 1334 1.51302
637632725 75.9414 1.12876 1434 1.38095
637567193 98.3012 0.359104 1295 1.44563
637632729 97.0588 0.489784 1190 1.65111
637567197 97.8977 0.379772 1427 1.65231
637632733 95.5645 0.584666 1240 1.47181
637567309 96.0464 0.508773 1467 1.518
637632845 96.3865 0.523069 1273 1.43663
637567313 0 0 1059 0
637632849 0 0 951 0
637567317 97.773 0.395504 1392 1.85113
637632853 58.0247 1.29248 1458 1.47143
637567321 96.81 0.462779 1442 1.49433
637632857 94.8444 0.659276 1125 1.62023
637567325 95.3793 0.551311 1450 1.43435
637632861 97.136 0.470442 1257 1.4152
637567437 98.4649 0.332403 1368 1.53139
637632973 92.2731 0.800372 1113 1.62803
637567441 0 0 1359 0
637632977 0 0 1217 0
637567445 0 0 1285 0
637632981 0 0 1399 0
637567449 95.476 0.638046 1061 1.31993
637632985 95.872 0.639076 969 1.52914
637567453 87.3907 0.896193 1372 1.29561
637632989 98.1673 0.37862 1255 1.75703
637567565 82.5729 1.03745 1337 1.20451
637633101 95.8166 0.567873 1243 1.58378
637567569 0 0 1422 0
637633105 0 0 1217 0
637567573 0 0 1303 0
637633109 0 0 1393 0
637567577 95.6871 0.549246 1368 1.41622
637633113 98.4875 0.36404 1124 2.32936
637567581 95.1359 0.575333 1398 1.60065
637633117 97.4173 0.450632 1239 1.70809
637567693 0 0 1439 0
637633229 0 0 1242 0
637567697 0 0 1329 0
637633233 0 0 1156 0
637567701 0 0 1272 0
637633237 0 0 1400 0
637567705 95.7219 0.55932 1309 1.61709
637633241 88.5739 0.93245 1164 1.69104
637567709 0 0 1329 0
637633245 0 0 1246 0
637567821 79.2709 1.08377 1399 1.64623
637633357 78.8491 1.13879 1286 1.51088
637567825 96.9786 0.464676 1357 1.60418
637633361 96.1706 0.566145 1149 1.58227
637567829 96.7838 0.482508 1337 1.66091
637633365 96.535 0.481461 1443 1.72236
637567833 96.131 0.526058 1344 1.5505
637633369 96.4527 0.537564 1184 1.48948
637567837 97.8754 0.383762 1412 1.57385
637633373 96.5008 0.512425 1286 1.65569
637567949 84.8694 0.993111 1302 1.24822
637633485 97.6837 0.425115 1252 1.72748
637567953 96.015 0.53636 1330 1.48909
637633489 95.7485 0.600472 1129 1.67018
637567957 0 0 1376 0
637633493 0 0 1523 0
637567961 97.8642 0.39929 1311 1.94419
637633497 88.014 0.960705 1143 1.66842
637567965 98.3357 0.344122 1382 1.77204
637633501 94.8413 0.623139 1260 1.58689
637568077 97.9769 0.378446 1384 1.83333
637633613 97.8906 0.401645 1280 2.05658
637568081 0 0 1291 0
637633617 0 0 1166 0
637568085 97.272 0.45478 1283 1.83333
637633621 97.4656 0.422928 1381 1.84677
637568089 98.1162 0.380896 1274 1.60878
637633625 66.8301 1.34576 1224 1.67861
637568093 0 0 1289 0
637633629 0 0 1178 0
637568205 0 0 1410 0
637633741 0 0 1293 0
637568209 0 0 1345 0
637633745 0 0 1188 0
637568213 92.5953 0.708991 1364 1.56352
637633749 80.5746 1.03469 1462 1.52829
637568217 95.3149 0.585645 1302 1.53367
637633753 96.3031 0.573618 1082 1.6314
637568221 95.1185 0.577345 1393 1.5119
637633757 93.6867 0.678977 1283 1.58396
637568333 0 0 1339 0
637633869 0 0 1286 0
637568337 0 0 1260 0
637633873 0 0 1133 0
637568341 0 0 1265 0
637633877 0 0 1308 0
637568345 92.6169 0.748967 1219 1.52049
637633881 95.1134 0.63684 1146 1.70049
637568349 0 0 1313 0
637633885 0 0 1257 0
637568461 99.1323 0.249388 1383 2.20191
637633997 99.4341 0.213279 1237 2.51599
637568465 94.3865 0.651835 1247 1.36443
637634001 95.4013 0.628971 1109 1.51594
637568469 0 0 1428 0
637634005 0 0 1426 0
637568473 94.7484 0.602441 1371 1.37525
637634009 96.8858 0.510885 1156 1.72466
637568477 0 0 1478 0
637634013 0 0 1270 0
637571149 96.3791 0.51852 1298 1.58672
637636685 98.1735 0.404667 1095 1.70347
637571153 96.0571 0.507418 1471 1.39372
637636689 93.4783 0.713956 1196 1.65248
637571157 96.5374 0.481134 1444 1.61223
637636693 97.8275 0.37405 1519 1.74896
637571161 96.9633 0.45601 1416 1.49108
637636697 97.0765 0.493989 1163 1.94153
637571165 96.4966 0.507423 1313 1.64248
637636701 96.1952 0.550211 1209 2.11565
637571277 90.7201 0.790568 1347 1.35753
637636813 96.1219 0.586688 1083 1.41424
637571281 0 0 1493 0
637636817 0 0 1238 0
637571285 0 0 1363 0
637636821 0 0 1505 0
637571289 84.9057 0.913142 1537 1.31728
637636825 60.311 1.39958 1222 1.15789
637571293 96.8137 0.502018 1224 1.41123
637636829 97.6562 0.445738 1152 1.57033
637571405 0 0 1323 0
637636941 0 0 1066 0
637571409 0 0 1319 0
637636945 0 0 946 0
637571413 97.5739 0.42364 1319 1.51326
637636949 97.1429 0.424533 1540 1.7114
637571417 96.5689 0.454639 1603 1.56094
637636953 96.3542 0.552214 1152 1.59737
637571421 93.4851 0.691418 1274 1.57295
637636957 98.2483 0.362044 1313 2.09182
637571533 98.8139 0.294752 1349 1.81208
637637069 98.226 0.403367 1071 2.0658
637571537 0 0 1551 0
637637073 0 0 1239 0
637571541 0 0 1491 0
637637077 0 0 1563 0
637571545 95.7132 0.550684 1353 1.32887
637637081 96.4539 0.588677 987 1.54378
637571549 95.9529 0.534553 1359 1.45785
637637085 97.9924 0.433684 1046 1.49837
637571661 94.2877 0.616302 1418 1.5482
637637197 96.8085 0.523358 1128 1.85526
637571665 0 0 1522 0
637637201 0 0 1201 0
637571669 0 0 1402 0
637637205 0 0 1565 0
637571673 97.2992 0.426599 1444 1.54269
637637209 98.8562 0.303937 1224 1.83191
637571677 96.0983 0.520497 1384 1.60261
637637213 96.7185 0.523526 1158 1.7054
637571789 0 0 1411 0
637637325 0 0 1120 0
637571793 0 0 1514 0
637637329 0 0 1181 0
637571797 0 0 1430 0
637637333 0 0 1584 0
637571801 96.3467 0.502132 1396 1.45923
637637337 91.715 0.793438 1207 1.65498
637571805 95.7227 0.549493 1356 1.49036
637637341 97.9573 0.431036 1077 1.57455
637571917 92.3481 0.728088 1333 1.95946
637637453 98.1481 0.400348 1134 2.3162
637571921 95.7087 0.516763 1538 1.41312
637637457 97.5874 0.44258 1202 1.75037
637571925 96.8406 0.474138 1361 1.79076
637637461 97.6698 0.389264 1502 2.05033
637571929 0 0 1469 0
637637465 0 0 1179 0
637571933 96.7765 0.472722 1396 1.5811
637637469 98.4685 0.368595 1110 1.97387
637572045 0 0 1365 0
637637581 0 0 1082 0
637572049 85.0907 0.923045 1489 1.35772
637637585 97.2906 0.465206 1218 1.65916
637572053 0 0 1470 0
637637589 0 0 1539 0
637572057 0 0 1477 0
637637593 0 0 1201 0
637572061 97.6471 0.411023 1360 1.77693
637637597 98.5401 0.36229 1096 1.64854
637572173 95.1667 0.619121 1200 1.61595
637637709 96.0285 0.623191 982 2.05027
637572177 0 0 654 0
637637713 0 0 591 0
637572181 98.2894 0.346179 1403 1.83695
637637717 98.2349 0.343097 1473 1.88989
637572185 84.3728 0.972199 1395 1.67804
637637721 97.4533 0.459001 1178 1.76768
637572189 96.6088 0.508304 1268 1.44172
637637725 97.8322 0.447085 1061 1.54702
637572301 0 0 1430 0
637637837 0 0 1232 0
637572305 0 0 1468 0
637637841 0 0 1261 0
637572309 96.5199 0.488432 1408 1.54845
637637845 96.4534 0.487736 1438 1.7326
637572313 96.31 0.512131 1355 1.58854
637637849 96.7795 0.507318 1211 1.87723
637572317 0 0 1366 0
637637853 0 0 1062 0
637572429 97.1366 0.451904 1362 1.61621
637637965 96.488 0.55963 1082 1.71744
637572433 55.1966 1.31782 1424 1.35155
637637969 86.9458 0.96533 1218 2.20034
637572437 0 0 1354 0
637637973 0 0 1451 0
637572441 97.5593 0.407492 1434 1.5971
637637977 95.7711 0.579502 1206 1.75
637572445 94.6958 0.625939 1282 1.4052
637637981 98.5702 0.354897 1119 2.32381
637572557 98.2812 0.363276 1280 1.67669
637638093 97.4615 0.473609 1103 1.76059
637572561 0 0 1481 0
637638097 0 0 1199 0
637572565 0 0 1391 0
637638101 0 0 1479 0
637572569 95.895 0.514688 1486 1.57925
637638105 93.6851 0.715384 1156 1.70541
637572573 0 0 1256 0
637638109 0 0 1072 0
637567085 85.7143 9.3522 14 1.33333
637632621 100 0 8 1.63636
637567089 0 0 511 0
637632625 0 0 828 0
637567093 0 0 743 0
637632629 0 0 841 0
637567097 84.7328 1.57123 524 1.34051
637632633 52.6946 1.72781 835 1.31558
637567101 90.9091 8.66784 11 2.46154
637632637 90.9091 8.66784 11 1.41667
637567213 93.3333 6.44061 15 1.5
637632749 100 0 6 1.44444
637567217 0 0 505 0
637632753 0 0 865 0
637567221 97.0711 0.629703 717 1.56336
637632757 88.9976 1.0941 818 1.65422
637567225 95 1.01617 460 1.40524
637632761 95.3602 0.735007 819 1.76217
637567229 93.5484 4.41237 31 1.5
637632765 100 0 5 1.625
637567341 97.006 1.31877 167 1.87264
637632877 83.4348 1.29748 821 1.71782
637567345 0 0 531 0
637632881 0 0 699 0
637567349 98.0211 0.505867 758 1.63517
637632885 96.7431 0.616506 829 1.5805
637567353 96.0674 0.841117 534 1.47611
637632889 96.8362 0.588376 885 1.57338
637567357 94.1558 1.89027 154 1.86413
637632893 90.5013 1.06494 758 1.53247
637567469 0 0 42 0
637633005 0 0 457 0
637567473 0 0 228 0
637633009 0 0 668 0
637567477 97.479 0.718521 476 1.44578
637633013 95.9538 0.864915 519 1.59515
637567481 0 0 253 0
637633017 0 0 467 0
637567485 90.625 5.1527 32 1.66667
637633021 97.2851 0.773021 442 1.33778
637567597 96.837 0.863277 411 1.60417
637633133 96.6019 0.564534 1030 1.82274
637567601 86.824 1.0606 1017 1.25837
637633137 78.3612 1.16145 1257 1.33069
637567605 94.5584 0.637023 1268 1.3994
637633141 94.8864 0.587037 1408 1.46959
637567609 95.8333 0.637023 984 1.5062
637633145 95.443 0.60583 1185 1.5638
637567613 93.6975 1.11383 476 1.41075
637633149 95.7557 0.64863 966 1.7206
637567725 98.0149 0.694841 403 1.46759
637633261 91.7874 1.9083 207 1.88696
637567729 90.0103 0.962305 971 1.59854
637633265 90.7033 0.82564 1237 1.80032
637567733 96.5305 0.508158 1297 1.45786
637633269 96.0554 0.512071 1445 1.60449
637567737 94.898 0.70289 980 1.63529
637633273 98.4568 0.342399 1296 1.99217
637567741 93.6111 1.28892 360 1.41361
637633277 95.1691 1.49031 207 1.89286
637567853 0 0 8 0
637633389 0 0 6 0
637567857 97.4528 0.48392 1060 1.61778
637633393 96.4286 0.534824 1204 1.54433
637567861 0 0 1295 0
637633397 0 0 1416 0
637567865 98.3351 0.412753 961 2.2201
637633401 92.756 0.747976 1201 1.90191
637567869 87.5 8.26797 16 1.64286
637633405 100 0 4 1.33333
637567981 77.7108 2.28412 332 1.28421
637633517 90.3704 2.53893 135 1.51724
637567985 94.4503 0.74086 955 1.47651
637633521 95.9316 0.563526 1229 1.65509
637567989 96.875 0.474604 1344 1.70919
637633525 92.5806 0.665698 1550 1.79975
637567993 97.0526 0.54873 950 1.52738
637633529 95.0647 0.616107 1236 1.73013
637567997 95.3168 1.10893 363 1.68137
637633533 97.5155 1.22671 161 2.18636
637568109 96.1929 0.964097 394 1.51224
637633645 95.5 0.655553 1000 1.60698
637568113 95.3917 0.711649 868 1.59215
637633649 95.2 0.637328 1125 1.67332
637568117 91.2879 0.776214 1320 1.39535
637633653 86.8156 0.908103 1388 1.57562
637568121 96.8992 0.576835 903 1.6311
637633657 97.5078 0.435041 1284 1.7414
637568125 96.3768 0.918399 414 1.55306
637633661 96.9246 0.543798 1008 1.76439
637568237 96.0227 1.04162 352 1.49482
637633773 97.4482 0.445312 1254 1.74096
637568241 86.1559 1.26616 744 1.56865
637633777 94.8762 0.644314 1171 1.53437
637568245 96.3316 0.509183 1363 1.48485
637633781 96.6919 0.469514 1451 1.56624
637568249 0 0 931 0
637633785 0 0 1249 0
637568253 81.4714 2.02811 367 1.40872
637633789 96.74 0.506977 1227 1.68047
637568365 95.5056 0.982131 445 1.48393
637633901 96.0111 0.596041 1078 1.70648
637568369 95.553 0.696073 877 1.67732
637633905 97.3986 0.440292 1307 1.66643
637568373 86.2151 0.973131 1255 1.46791
637633909 94.1395 0.639749 1348 1.56118
637568377 91.6201 0.926196 895 1.41585
637633913 95.9403 0.568057 1207 1.65097
637568381 98.0716 0.721796 363 1.70938
637633917 86.4838 1.06999 1021 1.61224
637568493 98.0769 1.09956 156 1.44503
637634029 98.4127 0.474776 693 1.57197
637568497 0 0 496 0
637634033 0 0 588 0
637568501 98.5008 0.470537 667 2.40467
637634037 89.577 1.18759 662 1.64232
637568505 94.8819 0.97772 508 1.40853
637634041 96.6667 0.715167 630 1.50877
637568509 97.7612 1.27802 134 1.54444
637634045 86.0294 1.32946 680 1.52915
637571181 92.8571 6.88303 14 1.61538
637636717 83.3333 15.2145 6 1.83333
637571185 0 0 980 0
637636721 0 0 1252 0
637571189 98.1282 0.363648 1389 1.6504
637636725 96.1349 0.510996 1423 1.74447
637571193 97.2251 0.526573 973 1.71293
637636729 94.6341 0.642526 1230 1.62125
637571197 0 0 16 0
637636733 100 0 4 1.14286
637571309 95.0867 1.16201 346 1.36856
637636845 95.9799 1.39246 199 2.08716
637571313 0 0 1023 0
637636849 0 0 1282 0
637571317 81.487 1.05906 1345 1.60291
637636853 93.915 0.64728 1364 1.66225
637571321 96.6436 0.56587 1013 1.51518
637636857 95.9167 0.559976 1249 1.57707
637571325 95.9799 0.984616 398 1.4
637636861 98 0.989949 200 1.85039
637571437 98.0769 0.673341 416 1.56478
637636973 97.6645 0.492073 942 1.74302
637571441 0 0 625 0
637636977 0 0 1057 0
637571445 97.3878 0.455713 1225 1.48832
637636981 95.2239 0.582583 1340 1.54975
637571449 95.511 0.639925 1047 1.36475
637636985 96.441 0.545846 1152 1.53235
637571453 95.3535 0.946078 495 1.51095
637636989 96.1297 0.623838 956 1.72249
637571565 0 0 300 0
637637101 0 0 774 0
637571569 0 0 696 0
637637105 0 0 857 0
637571573 94.5029 0.779481 855 1.44032
637637109 96.5848 0.593321 937 1.37549
637571577 0 0 663 0
637637113 0 0 722 0
637571581 96.6997 1.02629 303 1.50862
637637117 96.8098 0.615586 815 1.59179
637571693 0 0 228 0
637637229 0 0 789 0
637571697 85.3181 1.42949 613 1.20102
637637233 0.328228 0.189191 914 2.08333
637571701 94.802 0.780948 808 1.48357
637637237 95.8678 0.683891 847 1.40021
637571705 96.5714 0.794148 525 1.57266
637637241 94.9812 0.773375 797 1.74326
637571709 96 1.23935 250 1.45965
637637245 97.3068 0.553959 854 1.65203
637571821 91.6667 4.60642 36 1.52778
637637357 100 0 7 2.7
637571825 95.6294 0.85481 572 1.53883
637637361 95.9677 0.667693 868 1.6071
637571829 96.2287 0.664448 822 1.58465
637637365 95.1116 0.70292 941 1.53137
637571833 97.7982 0.628579 545 1.56355
637637369 97.3864 0.537812 880 1.5262
637571837 90.3226 5.31003 31 1.4
637637373 100 0 8 1.4
637571949 0 0 11 0
637637485 0 0 2 0
637571953 95.6081 0.842194 592 1.36825
637637489 96.8862 0.601078 835 1.56674
637571957 0 0 815 0
637637493 0 0 879 0
637571961 96.9748 0.70218 595 1.37697
637637497 97.4041 0.534218 886 1.72489
637571965 90 9.48683 10 1.2
637637501 100 0 5 2.83333
637572077 93.1034 1.66362 232 1.47143
637637613 96.0815 0.768191 638 1.50483
637572081 91.4474 1.13418 608 1.27903
637637617 95.5947 0.786376 681 1.73879
637572085 95.3168 0.784129 726 1.49808
637637621 96 0.727774 725 1.7488
637572089 96.1739 0.799967 575 1.46721
637637625 95.0425 0.816936 706 1.54826
637572093 0 0 227 0
637637629 0 0 613 0
637572333 93.1264 1.19135 451 1.35081
637637869 97.8921 0.417118 1186 1.76983
637572337 0 0 978 0
637637873 0 0 1369 0
637572341 97.1976 0.448188 1356 1.57065
637637877 89.2883 0.829208 1391 1.68315
637572345 96.8321 0.569142 947 1.44466
637637881 97.438 0.447071 1249 1.59804
637572349 98.0306 0.649959 457 1.84
637637885 83.487 1.07498 1193 1.77344
637572589 97.6027 0.895153 292 1.49704
637638125 97.9021 1.19845 143 2.35678
637572593 0 0 930 0
637638129 97.9798 0.408186 1188 1.66874
637572597 96.7306 0.474097 1407 1.53507
637638133 97.1983 0.442305 1392 2.03324
637572601 95.91 0.63332 978 1.45183
637638137 96.7116 0.51783 1186 1.78066
637572605 98.895 0.549426 362 1.69438
637638141 94.5652 1.67127 184 1.85992
637575661 0 0 315 0
637641197 0 0 757 0
637575665 97.5547 0.55409 777 1.47079
637641201 96.7471 0.574655 953 1.45421
637575669 97.7969 0.454283 1044 1.65075
637641205 93.9024 0.732889 1066 1.70767
637575673 0 0 695 0
637641209 0 0 808 0
637575677 96.7949 0.997175 312 1.51289
637641213 96.9536 0.625459 755 1.58643
637579757 0 0 51 0
637645293 0 0 266 0
637579761 97.9452 1.17408 146 1.39713
637645297 92.132 1.35641 394 1.30184
637579765 97.7186 0.92068 263 1.41056
637645301 94.3709 1.32628 302 1.61789
637579769 0 0 133 0
637645305 0 0 303 0
637579773 100 0 50 1.54217
637645309 97.1429 0.995617 280 1.64526
