637566989 95.2479 0.683803 968 1.66572
637632525 97.5547 0.55409 777 1.89351
637566993 97.4922 0.39152 1595 1.68732
637632529 96.8633 0.476347 1339 2.10014
637566997 95.1486 0.529085 1649 1.94282
637632533 98.7272 0.263708 1807 2.81474
637567001 98.2714 0.329773 1562 2.36395
637632537 94.1467 0.674017 1213 1.88562
637567005 98.7395 0.361576 952 2.60493
637632541 99.3307 0.298336 747 2.84826
637567117 94.3574 0.745887 957 1.71316
637632653 98.0874 0.506244 732 2.03899
637567121 0 0 1586 0
637632657 0 0 1428 0
637567125 0 0 1664 0
637632661 0 0 1758 0
637567129 95.6337 0.503212 1649 1.83066
637632665 95.2844 0.579929 1336 2.09884
637567133 95.0604 0.717939 911 1.66863
637632669 95.9948 0.704797 774 1.7441
637567245 96.4972 0.618009 885 1.7832
637632781 97.1795 0.592795 780 2.17305
637567249 0 0 1255 0
637632785 0 0 1106 0
637567253 95.6659 0.571608 1269 1.79103
637632789 95.6319 0.493244 1717 1.89655
637567257 94.6014 0.566216 1593 1.72367
637632793 97.2202 0.438887 1403 2.03085
637567261 96.2745 0.59299 1020 1.56643
637632797 96.875 0.603211 832 1.99526
637567373 95.3933 0.702685 890 1.64442
637632909 96.4889 0.663734 769 2.03023
637567377 97.7061 0.372758 1613 1.9727
637632913 96.168 0.521119 1357 2.18772
637567381 95.476 0.540044 1481 1.68662
637632917 95.157 0.495238 1879 1.80194
637567385 91.9708 0.773891 1233 1.65436
637632921 96.9027 0.515375 1130 1.83237
637567389 97.2767 0.537195 918 1.68015
637632925 98.2759 0.474049 754 1.99494
637567501 94.5759 0.711269 1014 1.71897
637633037 98.5312 0.420877 817 2.30952
637567505 96.5496 0.45716 1594 1.80966
637633041 94.7924 0.589398 1421 1.95152
637567509 0 0 1706 0
637633045 0 0 1828 0
637567513 96.9053 0.426581 1648 1.95578
637633049 94.9009 0.585419 1412 1.98415
637567517 0 0 0 0
637633053 0 0 0 0
637567629 95.1613 0.728342 868 1.79051
637633165 97.4531 0.576814 746 2.02381
637567633 95.8922 0.502822 1558 1.84102
637633169 97.4982 0.417556 1399 2.11804
637567637 96.6987 0.437741 1666 2.01391
637633173 95.9852 0.451189 1893 2.1729
637567641 95.7875 0.496324 1638 1.75212
637633177 87.8621 0.857608 1450 1.97122
637567645 97.5334 0.497244 973 1.70997
637633181 94.1026 0.8435 780 1.87032
637567757 0 0 987 0
637633293 0 0 911 0
637567761 97.421 0.40248 1551 1.80704
637633297 97.9945 0.368665 1446 1.94152
637567765 96.9785 0.412628 1721 1.90264
637633301 95.2156 0.4894 1902 1.90505
637567769 0 0 1454 0
637633305 0 0 1396 0
637567773 0 0 917 0
637633309 0 0 868 0
637567885 94.8746 0.728207 917 1.64747
637633421 94.8925 0.807114 744 1.90132
637567889 0 0 1586 0
637633425 0 0 1352 0
637567893 92.581 0.65438 1604 1.71474
637633429 94.2287 0.541594 1854 1.77088
637567897 96.9787 0.41663 1688 2.22027
637633433 93.1526 0.674505 1402 1.73646
637567901 94.5122 0.889183 656 1.60745
637633437 94.5946 0.959845 555 2.10417
637568013 97.1175 0.557094 902 1.87024
637633549 98.2736 0.474673 753 2.38443
637568017 96.6752 0.453338 1564 1.81877
637633553 95.9511 0.544783 1309 2.05516
637568021 97.5737 0.369823 1731 2.53583
637633557 96.9582 0.400251 1841 2.43363
637568025 96.0469 0.484267 1619 1.69817
637633561 94.3199 0.632779 1338 1.98112
637568029 90.1758 0.957151 967 1.81836
637633565 98.0723 0.47726 830 2.50576
637568141 96.3039 0.604525 974 1.67792
637633677 97.8638 0.528311 749 2.71486
637568145 0 0 1636 0
637633681 0 0 1360 0
637568149 0 0 1676 0
637633685 0 0 1821 0
637568153 95.4743 0.517571 1613 1.70654
637633689 97.1111 0.455862 1350 1.87106
637568157 93.7056 0.773824 985 1.72456
637633693 94.8276 0.777206 812 2.06145
637568269 75.6098 1.39843 943 1.80499
637633805 98.5987 0.41953 785 2.07151
637568273 0 0 1573 0
637633809 0 0 1405 0
637568277 95.2976 0.51647 1680 1.99941
637633813 93.8865 0.559738 1832 1.99614
637568281 94.6502 0.589319 1458 1.86018
637633817 95.9102 0.560855 1247 2.13538
637568285 94.6146 0.733524 947 2.01641
637633821 98.3827 0.46307 742 2.5519
637568397 96.7742 0.599707 868 1.7472
637633933 97.4969 0.552667 799 2.16787
637568401 95.0664 0.544664 1581 1.6465
637633937 97.0065 0.484711 1236 2.1283
637568405 94.7048 0.552469 1643 1.73415
637633941 73.4513 1.03854 1808 1.48088
637568409 83.5913 0.921576 1615 1.67199
637633945 97.1551 0.443381 1406 2.01894
637568413 0 0 979 0
637633949 97.9947 0.51256 748 2.2046
637569037 94.2495 0.726806 1026 1.54004
637634573 98.1417 0.460239 861 1.78872
637569041 96.8465 0.46262 1427 1.81339
637634577 98.3181 0.340407 1427 1.90699
637569045 81.9876 1.00955 1449 1.40507
637634581 76.408 1.06209 1598 1.43007
637569049 84.877 0.96374 1382 1.70741
637634585 97.5875 0.428031 1285 1.89545
637569053 84.0888 1.11252 1081 1.39282
637634589 0 0 831 0
637569165 95.1124 0.674106 1023 1.80855
637634701 98.3461 0.454912 786 2.22956
637569169 0 0 1450 0
637634705 0 0 1418 0
637569173 0 0 1464 0
637634709 0 0 1546 0
637569177 78.5763 1.06831 1475 1.46429
637634713 89.7794 0.821404 1360 1.60857
637569181 77.6993 1.3223 991 1.375
637634717 97.3747 0.55232 838 1.9718
637569293 96.7532 0.583071 924 1.76827
637634829 98.4242 0.433579 825 2.17134
637569297 0 0 1124 0
637634833 0 0 1154 0
637569301 0 0 1161 0
637634837 0 0 1487 0
637569305 77.3925 1.10152 1442 1.34921
637634841 97.8606 0.380116 1449 2.06554
637569309 96.0526 0.576708 1140 1.63365
637634845 97.7728 0.492433 898 1.88235
637569421 83.37 1.23568 908 2.28676
637634957 96.0149 0.690285 803 2.01864
637569425 0 0 1453 0
637634961 93.2364 0.677223 1375 1.6502
637569429 95.4579 0.568192 1343 1.70208
637634965 95.4299 0.512103 1663 1.7704
637569433 94.9955 0.651802 1119 1.538
637634969 96.2167 0.559464 1163 1.75286
637569437 0 0 973 0
637634973 0 0 817 0
637569549 96.6314 0.559729 1039 1.7354
637635085 95.0386 0.721023 907 1.85433
637569553 96.7429 0.467296 1443 1.91505
637635089 94.0771 0.619476 1452 2.08355
637569557 0 0 1489 0
637635093 0 0 1592 0
637569561 0 0 1483 0
637635097 0 0 1431 0
637569565 0 0 0 0
637635101 0 0 0 0
637569677 99.1453 0.300888 936 2.01314
637635213 96.3054 0.661957 812 2.06333
637569681 95.8512 0.533342 1398 1.7367
637635217 97.8769 0.383494 1413 2.03711
637569685 0 0 1478 0
637635221 0 0 1671 0
637569689 97.1408 0.445567 1399 2.08924
637635225 99.3754 0.207538 1441 2.87915
637569693 96.8239 0.544042 1039 1.6581
637635229 97.282 0.547219 883 1.83125
637569805 97.5297 0.469494 1093 1.5018
637635341 95.5319 0.673862 940 1.90188
637569809 95.6645 0.542933 1407 1.72355
637635345 97.7823 0.381754 1488 1.76488
637569813 99.0759 0.24583 1515 2.67984
637635349 93.8242 0.586587 1684 1.89971
637569817 95.2923 0.583632 1317 1.72115
637635353 98.1198 0.358431 1436 1.81768
637569821 0 0 975 0
637635357 0 0 925 0
637569933 0 0 1009 0
637635469 0 0 845 0
637569937 0 0 1419 0
637635473 0 0 1347 0
637569941 96.8377 0.463899 1423 1.78137
637635477 96.2823 0.474922 1587 1.9041
637569945 96.2914 0.486307 1510 1.89786
637635481 97.3103 0.424858 1450 2.08045
637569949 89.0995 1.23868 633 1.75369
637635485 96.0591 0.78842 609 1.84827
637570061 0 0 975 0
637635597 0 0 847 0
637570065 97.4747 0.421422 1386 1.82945
637635601 97.3568 0.434668 1362 2.04673
637570069 98.0302 0.356074 1523 2.25503
637635605 91.315 0.696462 1635 2.49795
637570073 92.9461 0.67336 1446 1.46016
637635609 98.0583 0.377093 1339 1.79834
637570077 78.835 1.27277 1030 1.29206
637635613 99.3236 0.275218 887 2.50594
637570189 89.1407 0.956073 1059 1.46421
637635725 97.4668 0.545737 829 1.81182
637570193 0 0 1460 0
637635729 0 0 1401 0
637570197 0 0 1469 0
637635733 0 0 1571 0
637570201 74.2289 1.14505 1459 1.28889
637635737 82.6274 1.01512 1393 1.47286
637570205 95.7406 0.62831 1033 1.57814
637635741 95.9956 0.653909 899 1.76566
637570317 93.7984 0.750772 1032 1.80505
637635853 97.3349 0.548261 863 1.99692
637570321 0 0 1409 0
637635857 0 0 1389 0
637570325 96.8414 0.453395 1488 1.78256
637635861 94.9153 0.550421 1593 1.87851
637570329 90.0485 0.851476 1236 2.37101
637635865 98.2609 0.367546 1265 2.69966
637570333 89.181 0.987715 989 1.42049
637635869 96.9962 0.60386 799 1.8521
637570445 97.6948 0.497196 911 1.69304
637635981 81.5728 1.32826 852 1.4264
637570449 96.4129 0.50317 1366 1.75534
637635985 94.0951 0.652757 1304 1.88929
637570453 95.7085 0.528956 1468 1.46917
637635989 96.857 0.441893 1559 1.82942
637570457 97.3883 0.418102 1455 1.74217
637635993 98.0085 0.372585 1406 1.84057
637570461 91.8683 0.850398 1033 1.64105
637635997 0 0 899 0
637567021 0 0 1395 0
637632557 0 0 644 0
637567025 0 0 991 0
637599793 0 0 809 0
637632561 0 0 733 0
637567029 98.0769 0.476124 832 1.81243
637599797 95.8848 0.637145 972 1.60641
637632565 98.364 0.405639 978 1.75953
637567033 82.9322 1.24445 914 1.35346
637599801 96.3855 0.647871 830 1.85844
637632569 96.4937 0.688858 713 1.84961
637567037 96.9801 0.448341 1457 1.60281
637632573 95.8064 0.804994 620 1.64894
637567149 98.5895 0.32131 1347 1.58554
637632685 96.4286 0.731275 644 1.58126
637567153 97.9424 0.455338 972 1.69525
637599921 98.75 0.374526 880 1.94359
637632689 98.2289 0.48685 734 2.03882
637567157 96.7113 0.622411 821 1.54382
637599925 97.2919 0.514073 997 1.79213
637632693 96.6562 0.581136 957 1.75882
637567161 93.4392 0.805431 945 1.66913
637599929 95.4445 0.695064 900 1.62222
637632697 98.4932 0.450896 730 1.88614
637567165 96.4748 0.494641 1390 1.68372
637632701 97.3723 0.611172 685 1.89679
637567277 98.6351 0.310995 1392 1.90747
637632813 89.8527 1.22158 611 2.09935
637567281 98.4 0.5019 625 1.4809
637600049 95.3349 0.729377 836 1.63427
637632817 97.8495 0.672707 465 1.62378
637567285 89.2019 1.22775 639 2.31077
637600053 98.9212 0.339285 927 2.55443
637632821 91.9827 0.893855 923 2.22374
637567289 97.8528 0.463508 978 1.84215
637600057 97.9714 0.487001 838 2.0689
637632825 94.0415 0.851964 772 1.75208
637567293 95.5705 0.533025 1490 1.51246
637632829 31.6038 1.84356 636 1.85648
637567405 0 0 1292 0
637632941 0 0 620 0
637567409 86.631 1.11296 935 1.42206
637600177 96.2919 0.653536 836 1.78974
637632945 98.3003 0.486478 706 2.13342
637567413 96.3912 0.636365 859 1.66417
637600181 97.14 0.523432 1014 1.5955
637632949 35.0806 1.51518 992 1.69104
637567417 94.7205 0.881202 644 1.60434
637600185 97.7933 0.500643 861 2.27586
637632953 98.6381 0.51122 514 2.30248
637567421 95.3878 0.554471 1431 1.63004
637632957 98.3025 0.507462 648 1.81466
637567533 91.6089 0.730123 1442 1.49706
637633069 96.8278 0.681164 662 1.98588
637567537 97.561 0.502331 943 1.53151
637600305 97.1917 0.577291 819 1.67467
637633073 97.5578 0.553386 778 1.77452
637567541 95.3715 0.73326 821 1.48106
637600309 96.8222 0.552756 1007 1.62457
637633077 55.0813 1.58569 984 1.62898
637567545 97.6293 0.499406 928 1.76513
637600313 97.8898 0.492103 853 1.8173
637633081 94.4083 0.828539 769 1.83986
637567549 0 0 1304 0
637633085 0 0 712 0
637567661 0 0 983 0
637633197 0 0 534 0
637567665 78.0778 1.35957 926 1.39956
637600433 81.9188 1.34977 813 1.46723
637633201 88.8252 1.1925 698 1.52044
637567669 0 0 880 0
637600437 0 0 1014 0
637633205 0 0 1028 0
637567673 98.8235 0.352626 935 1.67556
637600441 97.0721 0.565745 888 1.92618
637633209 96.8128 0.640143 753 1.82547
637567677 96.5909 0.4836 1408 1.62972
637633213 96.6667 0.715167 630 1.71681
637567789 98.5705 0.302584 1539 1.9062
637633325 80.9182 1.48839 697 1.62439
637567793 73.4031 1.42979 955 1.22986
637600561 77.9141 1.45307 815 1.29963
637633329 72.8346 1.61138 762 1.49552
637567797 0 0 861 0
637600565 0 0 983 0
637633333 0 0 1005 0
637567801 97.6693 0.502648 901 1.55492
637600569 96.4664 0.633637 849 1.72417
637633337 97.7486 0.642567 533 1.75851
637567805 96.8266 0.476203 1355 1.5703
637633341 97.1557 0.643183 668 1.85694
637567917 96.8481 0.467613 1396 1.78951
637633453 96.3317 0.750725 627 2.01053
637567921 94.9395 0.727007 909 1.61234
637600689 97.066 0.590046 818 1.74536
637633457 96.845 0.647403 729 1.93341
637567925 97.7958 0.500068 862 1.69141
637600693 96.9093 0.546465 1003 1.98169
637633461 97.286 0.524985 958 1.93188
637567929 96.5885 0.5927 938 1.57539
637600697 97.2382 0.55591 869 1.7699
637633465 98.2118 0.491495 727 1.68618
637567933 0 0 1341 0
637633469 0 0 634 0
637568045 99.5828 0.169984 1438 2.05207
637633581 96.8102 0.701791 627 2.15467
637568049 97.3363 0.536436 901 1.46611
637600817 94.7879 0.77385 825 1.742
637633585 97.019 0.626013 738 1.92115
637568053 98.4145 0.420371 883 2.06707
637600821 98.0311 0.447231 965 2.17672
637633589 98.5611 0.381772 973 2.13848
637568057 84.5588 1.17112 952 1.41411
637600825 96.1625 0.64537 886 1.68762
637633593 98.2783 0.492704 697 1.63693
637568061 96.6831 0.475723 1417 1.51788
637633597 96.5517 0.70651 667 2.21888
637568173 98.1094 0.353899 1481 1.66447
637633709 98.6301 0.453483 657 1.83724
637568177 97.9873 0.457077 944 1.60279
637600945 96.1665 0.635441 913 1.57757
637633713 97.6071 0.542372 794 1.67821
637568181 95.3757 0.714057 865 1.58182
637600949 95.6653 0.646547 992 1.56146
637633717 89.7275 0.982941 954 1.66247
637568185 97.1487 0.531112 982 1.56027
637600953 97.2665 0.550292 878 1.69369
637633721 98.0794 0.491116 781 1.65537
637568189 96.618 0.465493 1508 1.77919
637633725 99.1005 0.365584 667 2.16457
637568301 95.9514 0.51198 1482 1.63681
637633837 97.8395 0.571145 648 2.12662
637568305 48.3296 1.66759 898 1.19048
637601073 85.9172 1.19662 845 1.38188
637633841 87.2077 1.23875 727 1.33333
637568309 69.5882 1.49491 947 1.23457
637601077 75.1323 1.4061 945 1.33683
637633845 88.2533 1.02904 979 1.56148
637568313 96.4612 0.624242 876 1.51267
637601081 97.8235 0.507402 827 1.62159
637633849 94.6027 0.874938 667 1.7438
637568317 97.7159 0.399135 1401 1.60142
637633853 96.4587 0.758972 593 1.82643
637568429 93.0769 0.671278 1430 1.54599
637633965 98.3025 0.507462 648 2.14474
637568433 94.8663 0.721714 935 1.59459
637601201 98.0256 0.474123 861 1.83512
637633969 95.3957 0.794977 695 1.77419
637568437 95.5006 0.695234 889 1.57051
637601205 94.433 0.736185 970 1.73601
637633973 97.6048 0.483029 1002 1.81294
637568441 95.3061 0.675637 980 1.39529
637601209 94.186 0.797958 860 1.66972
637633977 78.7371 1.46882 776 1.89014
637568445 98.0529 0.364376 1438 1.69899
637633981 96.6206 0.708215 651 1.73817
637569069 0 0 675 0
637601837 0 0 879 0
637634605 0 0 449 0
637569073 0 0 1447 0
637634609 0 0 1232 0
637569077 98.9508 0.289474 1239 2.12526
637634613 98.5896 0.313151 1418 2.06572
637569081 94.527 0.635999 1279 1.49889
637634617 97.3515 0.454894 1246 1.93785
637569085 97.711 0.565659 699 1.54449
637601853 81.8975 1.27151 917 1.92325
637634621 97.7876 0.691836 452 1.69604
637569197 98.4263 0.470733 699 1.81635
637601965 96.1364 0.649682 880 2.0696
637634733 98.9362 0.473222 470 1.97535
637569201 97.619 0.40344 1428 1.53269
637634737 95.2119 0.598193 1274 1.65129
637569205 95.881 0.548858 1311 1.58675
637634741 95.245 0.57122 1388 1.69301
637569209 97.4674 0.422625 1382 2.00939
637634745 92.7536 0.73564 1242 1.64428
637569213 98.8473 0.405198 694 1.78149
637601981 96.7626 0.612872 834 1.67672
637634749 98.8506 0.466547 522 1.89123
637569325 97 0.644759 700 1.57672
637602093 89.7252 1.0495 837 1.89886
637634861 98.1735 0.639835 438 1.97096
637569329 95.9927 0.591893 1098 1.46848
637634865 97.4052 0.502239 1002 1.58694
637569333 97.4071 0.467221 1157 1.91984
637634869 90.6009 0.809975 1298 1.50619
637569337 0 0 1413 0
637634873 0 0 1260 0
637569341 81.8448 1.47498 683 1.5952
637602109 97.51 0.491768 1004 1.88889
637634877 94.9772 1.04363 438 1.90809
637569453 0 0 619 0
637602221 0 0 733 0
637634989 0 0 421 0
637569457 0 0 1403 0
637634993 97.1947 0.474306 1212 2.31169
637569461 0 0 1339 0
637634997 0 0 1482 0
637569465 95.6164 0.61869 1095 1.42553
637635001 94.0057 0.732225 1051 1.45022
637569469 0 0 691 0
637602237 0 0 876 0
637635005 0 0 455 0
637569581 95.2575 0.782397 738 1.54151
637602349 97.8795 0.481299 896 1.91659
637635117 98.4848 0.568318 462 1.83005
637569585 97.4908 0.424895 1355 1.56929
637635121 97.4902 0.438072 1275 1.79119
637569589 98.8435 0.296879 1297 2.09128
637635125 97.8858 0.38189 1419 1.96409
637569593 95.6193 0.56247 1324 1.54226
637635129 0 0 1311 0
637569597 94.0063 0.942716 634 1.4782
637602365 96.5475 0.641104 811 1.80683
637635133 97.4609 0.695212 512 1.8516
637569709 98.0545 0.609215 514 1.57168
637602477 96.0139 0.814433 577 1.78431
637635245 98.4043 0.646242 376 1.81195
637569713 96.102 0.529922 1334 1.52488
637635249 94.2691 0.669858 1204 1.69503
637569717 94.258 0.635295 1341 1.89204
637635253 94.7295 0.588416 1442 1.53798
637569721 96.018 0.535965 1331 1.61587
637635257 96.9183 0.479687 1298 1.79354
637569725 97 0.644759 700 1.69681
637602493 95.9677 0.667693 868 1.68603
637635261 90.287 1.39136 453 1.68089
637569837 96.978 0.634478 728 1.59872
637602605 97.4619 0.501131 985 1.62203
637635373 96.6732 0.793335 511 1.68707
637569841 0 0 1389 0
637635377 0 0 1297 0
637569845 98.1955 0.365006 1330 1.80658
637635381 91.4593 0.724778 1487 1.66795
637569849 96.0907 0.541945 1279 1.55192
637635385 98.7132 0.341682 1088 1.80811
637569853 96.5354 0.72574 635 1.44214
637602621 97.5028 0.525707 881 1.75694
637635389 96.6527 0.822695 478 1.6875
637569965 96.131 0.743959 672 1.52996
637602733 96 0.662463 875 1.79247
637635501 99.1228 0.436669 456 1.77365
637569969 93.5629 0.67142 1336 1.65723
637635505 97.0492 0.484493 1220 1.90137
637569973 0 0 1292 0
637635509 0 0 1398 0
637569977 94.5926 0.61554 1350 1.70891
637635513 87.822 0.913724 1281 1.78294
637569981 96.0254 0.778955 629 1.571
637602749 80.778 1.33288 874 1.32262
637635517 96.7033 0.837057 455 1.64528
637570093 98.7281 0.446802 629 1.70297
637602861 97.2767 0.537195 918 1.74905
637635629 96.1451 0.916747 441 1.68627
637570097 96.2337 0.527818 1301 1.52774
637635633 95.4509 0.588676 1253 1.59139
637570101 98.4985 0.333216 1332 2.00857
637635637 98.1481 0.359799 1404 2.36233
637570105 87.2993 0.899621 1370 1.72193
637635641 98.3607 0.363551 1220 2.06537
637570109 95.082 0.834802 671 1.47559
637602877 97.8211 0.494398 872 1.52884
637635645 98.9712 0.457723 486 1.6843
637570221 98.3752 0.485904 677 1.65544
637602989 94.3376 0.755448 936 1.83239
637635757 99.5717 0.30218 467 1.88756
637570225 96.1593 0.512516 1406 1.76251
637635761 98.6415 0.318017 1325 2.06483
637570229 95.7854 0.556187 1305 1.58328
637635765 95.7014 0.556997 1326 1.82272
637570233 97.8769 0.383494 1413 1.65311
637635769 95.7132 0.56551 1283 1.73916
637570237 96.7049 0.675667 698 1.56955
637603005 97.9809 0.45852 941 1.59982
637635773 92.5508 1.24751 443 1.76789
637570349 97.6356 0.56663 719 1.52591
637603117 97.4836 0.518064 914 1.81233
637635885 98.2833 0.601726 466 1.73814
637570353 97.4627 0.42959 1340 1.60178
637635889 96.1317 0.55323 1215 1.81449
637570357 94.7605 0.609616 1336 1.59103
637635893 93.4153 0.667147 1382 1.6516
637570361 97.9861 0.390969 1291 1.83063
637635897 89.6639 0.882499 1190 1.65122
637570365 97.8756 0.561714 659 1.51613
637603133 96.8714 0.59261 863 1.67977
637635901 97.8824 0.698368 425 1.69819
637570477 97.0015 0.660356 667 1.49441
637603245 95.3125 0.706141 896 1.65534
637636013 97.907 0.690334 430 1.70937
637570481 91.5344 0.765317 1323 1.67089
637636017 82.9753 1.0601 1257 1.50489
637570485 94.4402 0.632376 1313 1.62857
637636021 95.0306 0.566985 1469 1.64573
637570489 0 0 1442 0
637636025 93.5257 0.687253 1282 1.57255
637570493 98.895 0.388503 724 1.90211
637603261 97.9798 0.471332 891 1.82353
637636029 88.5281 1.48264 462 1.42095
637567053 98.6278 0.48181 583 1.55988
637632589 98.0237 0.61875 506 1.74597
637567057 97.5652 0.642753 575 1.60714
637632593 78.4483 1.90886 464 1.42718
637567061 97.3684 0.694003 532 1.53119
637632597 96.9231 0.713993 585 1.53643
637567065 89.6364 1.29962 550 1.59865
637632601 97.1134 0.76026 485 1.76054
637567069 0 0 604 0
637632605 0 0 573 0
637567181 93.0034 1.05377 586 1.39905
637632717 95.4825 0.941119 487 1.5392
637567185 0 0 584 0
637632721 0 0 489 0
637567189 98.9324 0.433519 562 1.52606
637632725 75.7576 1.86502 528 1.45064
637567193 96.7684 0.749286 557 1.4689
637632729 97.012 0.759897 502 1.58228
637567197 98.8136 0.445765 590 1.66074
637632733 95.2015 0.936385 521 1.44727
637567309 95.9391 0.811925 591 1.48913
637632845 97.5855 0.688537 497 1.43369
637567313 0 0 477 0
637632849 0 0 398 0
637567317 98.7826 0.457321 575 1.74472
637632853 59.5506 1.96632 623 1.53316
637567321 97.1619 0.678493 599 1.45455
637632857 96.2025 0.877912 474 1.56844
637567325 95.9322 0.813272 590 1.54219
637632861 97.191 0.715019 534 1.48211
637567437 98.2857 0.566509 525 1.485
637632973 93.0586 1.18373 461 1.65567
637567441 0 0 565 0
637632977 0 0 490 0
637567445 0 0 571 0
637632981 0 0 602 0
637567449 95.4023 1.00417 435 1.32495
637632985 95.3168 1.10893 363 1.55309
637567453 84.5638 1.47993 596 1.33682
637632989 98.6768 0.496822 529 1.69024
637567565 83.1148 1.5168 610 1.25043
637633101 96.1977 0.833896 526 1.59358
637567569 0 0 567 0
637633105 0 0 461 0
637567573 0 0 530 0
637633109 0 0 560 0
637567577 95.1807 0.888541 581 1.41224
637633113 98.4344 0.549158 511 2.28777
637567581 96.1888 0.815681 551 1.62791
637633117 97.3469 0.726 490 1.6566
637567693 0 0 574 0
637633229 0 0 526 0
637567697 0 0 522 0
637633233 0 0 463 0
637567701 0 0 530 0
637633237 0 0 596 0
637567705 97.7819 0.633173 541 1.57903
637633241 95.4167 0.954514 480 1.69591
637567709 0 0 549 0
637633245 0 0 524 0
637567821 79.1139 1.61695 632 1.63398
637633357 80.8081 1.61582 594 1.53458
637567825 97.9557 0.584073 587 1.58763
637633361 98.4283 0.551299 509 1.56316
637567829 97.7941 0.629721 544 1.66333
637633365 96.1794 0.781283 602 1.62576
637567833 96.2049 0.832344 527 1.53229
637633369 97.7226 0.678808 483 1.47637
637567837 98.6014 0.49101 572 1.54863
637633373 94.2308 1.02248 520 1.7048
637567949 88.2979 1.35353 564 1.19615
637633485 97.5746 0.66447 536 1.78216
637567953 95.7407 0.868997 540 1.53247
637633489 96.1373 0.892681 466 1.68463
637567957 0 0 568 0
637633493 0 0 597 0
637567961 98.4238 0.521237 571 1.92117
637633497 89.1213 1.42418 478 1.54412
637567965 98.2517 0.547992 572 1.70948
637633501 94.358 1.01771 514 1.60926
637568077 99.262 0.367639 542 1.86829
637633613 99.4746 0.302538 571 2.09672
637568081 0 0 524 0
637633617 0 0 490 0
637568085 98.4615 0.539728 520 2.13321
637633621 98.8156 0.445015 591 2.12461
637568089 97.6577 0.641995 555 1.65252
637633625 67.666 2.1645 467 1.61012
637568093 0 0 549 0
637633629 0 0 483 0
637568205 0 0 571 0
637633741 0 0 524 0
637568209 0 0 590 0
637633745 0 0 488 0
637568213 94.2857 0.980866 560 1.54407
637633749 82.1799 1.59175 578 1.48752
637568217 95.0092 0.936198 541 1.59729
637633753 95.7871 0.945919 451 1.72525
637568221 95.8949 0.80399 609 1.43363
637633757 97.3535 0.697885 529 1.58305
637568333 0 0 571 0
637633869 0 0 549 0
637568337 0 0 541 0
637633873 0 0 469 0
637568341 0 0 526 0
637633877 0 0 531 0
637568345 91.3934 1.26959 488 1.54253
637633881 97.3094 0.766184 446 1.7299
637568349 0 0 516 0
637633885 0 0 507 0
637568461 99.8043 0.195503 511 2.21943
637633997 99.4094 0.339947 508 2.54867
637568465 96.679 0.769667 542 1.3399
637634001 96.2882 0.883376 458 1.52008
637568469 0 0 557 0
637634005 0 0 607 0
637568473 94.5854 0.930893 591 1.42429
637634009 97.137 0.754132 489 1.7757
637568477 0 0 594 0
637634013 0 0 528 0
637571149 96.2894 0.814171 539 1.6032
637636685 98.3229 0.587968 477 1.73578
637571153 96.2323 0.754444 637 1.34759
637636689 93.3747 1.13173 483 1.63736
637571157 96.9643 0.725007 560 1.62
637636693 98.5623 0.475776 626 1.74892
637571161 98.0531 0.581271 565 1.53857
637636697 99.0119 0.439722 506 1.91297
637571165 95.5939 0.898273 522 1.68543
637636701 97.5281 0.73604 445 2.04038
637571277 89.6552 1.2974 551 1.42347
637636813 96.861 0.825664 446 1.36842
637571281 0 0 601 0
637636817 0 0 491 0
637571285 0 0 569 0
637636821 0 0 582 0
637571289 87.5 1.3325 616 1.26224
637636825 62.2755 2.16547 501 1.17711
637571293 96.7924 0.765366 530 1.44463
637636829 98.441 0.584643 449 1.56154
637571405 0 0 517 0
637636941 0 0 432 0
637571409 0 0 536 0
637636945 0 0 422 0
637571413 97.1429 0.704008 560 1.56572
637636949 97.4164 0.618464 658 1.7381
637571417 98.72 0.449642 625 1.59865
637636953 96.2525 0.84348 507 1.68852
637571421 94.7059 0.991517 510 1.59386
637636957 99.7967 0.203045 492 2.06091
637571533 98.7654 0.463733 567 1.72823
637637069 98.5401 0.591617 411 1.9898
637571537 0 0 677 0
637637073 0 0 508 0
637571541 0 0 576 0
637637077 0 0 725 0
637571545 97.6879 0.659696 519 1.35739
637637081 98.3412 0.621734 422 1.56458
637571549 95.7565 0.865862 542 1.47452
637637085 97.3856 0.744775 459 1.52682
637571661 95.0172 0.901939 582 1.61237
637637197 97.1047 0.791308 449 1.96109
637571665 0 0 618 0
637637201 0 0 528 0
637571669 0 0 618 0
637637205 0 0 686 0
637571673 97.553 0.62403 613 1.53333
637637209 99.1886 0.40403 493 1.80035
637571677 94.9749 0.894109 597 1.60619
637637213 97.8774 0.699997 424 1.67
637571789 0 0 573 0
637637325 0 0 407 0
637571793 0 0 657 0
637637329 0 0 485 0
637571797 0 0 633 0
637637333 0 0 612 0
637571801 97.7153 0.626384 569 1.48291
637637337 93.4783 1.09764 506 1.59484
637571805 98.1324 0.557812 589 1.54082
637637341 98.6301 0.555401 438 1.59429
637571917 93.0435 1.06098 575 1.95694
637637453 98.4749 0.572005 459 2.29434
637571921 95.9184 0.783967 637 1.39167
637637457 97.8495 0.672707 465 1.71215
637571925 96.7857 0.745339 560 1.72742
637637461 98.8131 0.41715 674 2.04068
637571929 0 0 628 0
637637465 0 0 482 0
637571933 97.1979 0.690641 571 1.5952
637637469 99.0431 0.476175 418 1.90909
637572045 0 0 545 0
637637581 0 0 443 0
637572049 86.2342 1.37051 632 1.33179
637637585 98.5232 0.554039 474 1.61199
637572053 0 0 568 0
637637589 0 0 634 0
637572057 0 0 619 0
637637593 0 0 519 0
637572061 97.7702 0.611514 583 1.70431
637637597 99.0909 0.452474 440 1.68015
637572173 95.8333 0.890097 504 1.58277
637637709 95.086 1.07147 407 1.99556
637572177 0 0 274 0
637637713 0 0 235 0
637572181 98.5413 0.482664 617 2.2365
637637717 99.0291 0.394429 618 2.18588
637572185 88 1.32665 600 1.64151
637637721 98.1366 0.615304 483 1.74406
637572189 96.5184 0.806215 517 1.45626
637637725 99.1597 0.418399 476 1.49818
637572301 0 0 557 0
637637837 0 0 514 0
637572305 0 0 590 0
637637841 0 0 537 0
637572309 94.9477 0.914175 574 1.50799
637637845 96.5517 0.739388 609 1.75
637572313 96.995 0.697564 599 1.54011
637637849 96.5092 0.831725 487 1.87614
637572317 0 0 552 0
637637853 0 0 482 0
637572429 97.1631 0.699087 564 1.63053
637637965 96.0699 0.907955 458 1.78101
637572433 60.7877 2.02029 584 1.38621
637637969 86.2903 1.54438 496 2.26994
637572437 0 0 582 0
637637973 0 0 586 0
637572441 96.9858 0.719945 564 1.58631
637637977 97.1193 0.758718 486 1.73674
637572445 93.3194 1.14084 479 1.42831
637637981 99.1189 0.438584 454 2.33721
637572557 99.2016 0.397605 501 1.65247
637638093 97.5708 0.692666 494 1.76854
637572561 0 0 616 0
637638097 0 0 527 0
637572565 0 0 535 0
637638101 0 0 625 0
637572569 95.84 0.798693 625 1.57041
637638105 92.5101 1.18432 494 1.7636
637572573 0 0 548 0
637638109 0 0 435 0
637567085 100 0 4 1.25
637632621 100 0 4 1.5
637567089 0 0 219 0
637632625 0 0 341 0
637567093 0 0 314 0
637632629 0 0 340 0
637567097 84.375 2.62039 192 1.33871
637632633 53.5088 2.69702 342 1.26818
637567101 75 15.3093 8 1.28571
637632637 100 0 4 1.5
637567213 88.8889 10.4757 9 1.625
637632749 100 0 2 1.5
637567217 0 0 224 0
637632753 0 0 353 0
637567221 98.3165 0.746521 297 1.57229
637632757 95.2862 1.22977 297 1.67398
637567225 95.9276 1.32954 221 1.33333
637632761 93.2551 1.35814 341 1.70308
637567229 100 0 9 2.23077
637632765 100 0 1 2
637567341 96.2963 2.56996 54 1.59722
637632877 80 2.2188 325 1.76667
637567345 0 0 198 0
637632881 0 0 309 0
637567349 98.7616 0.615349 323 1.57143
637632885 96.2099 1.03107 343 1.53927
637567353 97.2973 1.08836 222 1.38525
637632889 96.6006 0.964508 353 1.47215
637567357 87.1429 4.00073 70 1.54217
637632893 92.9448 1.41827 326 1.55758
637567469 0 0 8 0
637633005 0 0 168 0
637567473 0 0 107 0
637633009 0 0 281 0
637567477 97.3684 1.16129 190 1.38308
637633013 97.9058 1.0361 191 1.60476
637567481 0 0 94 0
637633017 0 0 209 0
637567485 100 0 14 1.6875
637633021 94.8571 1.66962 175 1.31953
637567597 97.7528 1.1109 178 1.58049
637633133 98.1439 0.650129 431 1.8709
637567601 85.213 1.77708 399 1.20755
637633137 72.973 1.95126 518 1.39583
637567605 95.619 0.893258 525 1.32727
637633141 94.9212 0.91885 571 1.50412
637567609 96.3054 0.936149 406 1.52103
637633145 95.1737 0.94167 518 1.64364
637567613 95.4802 1.56145 177 1.43216
637633149 96.1637 0.971347 391 1.69355
637567725 94.7761 1.92218 134 1.43151
637633261 96.8085 1.81297 94 1.85714
637567729 92.328 1.36891 378 1.5323
637633265 89.9193 1.35185 496 1.86471
637567733 96.7181 0.782796 518 1.49177
637633269 95.7929 0.807542 618 1.5581
637567737 95.1351 1.11842 370 1.73618
637633273 98.7879 0.491838 495 2.0153
637567741 96.6667 1.46566 150 1.52695
637633277 95.5056 2.19611 89 2.12264
637567853 0 0 4 0
637633389 0 0 1 0
637567857 97.3872 0.777437 421 1.67329
637633393 98.1633 0.606596 490 1.57116
637567861 0 0 542 0
637633397 0 0 625 0
637567865 99.2443 0.434633 397 2.15056
637633401 92.9203 1.2064 452 1.93968
637567869 80 17.8885 5 1.25
637633405 100 0 5 1.6
637567981 76.1538 3.73752 130 1.23478
637633517 94.2308 3.23336 52 1.47945
637567985 94.6341 1.11289 410 1.42889
637633521 98.3968 0.562257 499 1.69735
637567989 97.6577 0.641995 555 1.6875
637633525 93.6772 0.992737 601 1.87296
637567993 97.6501 0.774032 383 1.51163
637633529 95.8254 0.871247 527 1.68041
637567997 99.2908 0.706699 141 1.57831
637633533 96.9697 2.11003 66 2.09783
637568109 94.6429 1.73722 168 1.50761
637633645 94.1315 1.13875 426 1.59333
637568113 96.0674 1.03015 356 1.56136
637633649 95.671 0.94681 462 1.67589
637568117 93.8489 1.00725 569 1.60067
637633653 96.9072 0.717615 582 1.80225
637568121 97.75 0.741514 400 1.63699
637633657 98.2249 0.58644 507 1.7115
637568125 96.9325 1.35062 163 1.62903
637633661 95.8515 0.931775 458 1.72165
637568237 96.8153 1.40138 157 1.48913
637633773 99.0476 0.423885 525 1.64748
637568241 89.6875 1.70009 320 1.52484
637633777 95.7747 0.902357 497 1.55784
637568245 96.4225 0.766586 587 1.46538
637633781 96.9336 0.711599 587 1.55172
637568249 0 0 386 0
637633785 0 0 537 0
637568253 85.1648 2.63476 182 1.36517
637633789 96.9466 0.751614 524 1.6234
637568365 95.858 1.53277 169 1.43284
637633901 98.0263 0.65137 456 1.71346
637568369 95.2646 1.12097 359 1.70277
637633905 96.7093 0.762752 547 1.66385
637568373 88.8889 1.3524 540 1.44981
637633909 94.3201 0.960247 581 1.46935
637568377 94.5596 1.15445 386 1.42928
637633913 97.6842 0.690105 475 1.51262
637568381 96.5753 1.5051 146 1.71111
637633917 84.4749 1.73039 438 1.65166
637568493 92.7273 3.50164 55 1.47761
637634029 99.3289 0.472974 298 1.55882
637568497 0 0 194 0
637634033 0 0 262 0
637568501 99.2831 0.505067 279 2.38462
637634037 91.3979 1.67869 279 1.61433
637568505 97.8142 1.08089 183 1.43689
637634041 95.3668 1.30614 259 1.51034
637568509 98.8372 1.15601 86 1.38835
637634045 87.4126 1.96143 286 1.42909
637571181 90 9.48683 10 1.77778
637636717 100 0 1 2
637571185 0 0 377 0
637636721 0 0 518 0
637571189 98.2955 0.563318 528 1.67986
637636725 97.0297 0.68963 606 1.76176
637571193 97.5904 0.752758 415 1.62812
637636729 94.1176 1.07847 476 1.65863
637571197 0 0 10 0
637636733 100 0 3 1.25
637571309 95.3333 1.72219 150 1.36774
637636845 100 0 87 2.09649
637571313 0 0 433 0
637636849 0 0 522 0
637571317 85.1718 1.51123 553 1.60773
637636853 97.4217 0.68013 543 1.75304
637571321 96.7581 0.884445 401 1.54439
637636857 96.1759 0.838584 523 1.53571
637571325 97.2973 1.33296 148 1.49398
637636861 96.8421 1.79419 95 1.71171
637571437 97.076 1.28838 171 1.66029
637636973 96.9484 0.83336 426 1.71209
637571441 0 0 272 0
637636977 0 0 450 0
637571445 97.2973 0.712499 518 1.42143
637636981 96.1471 0.805459 571 1.5198
637571449 94.6009 1.09497 426 1.42982
637636985 96.2598 0.841852 508 1.56569
637571453 97.093 1.281 172 1.44949
637636989 96.4824 0.923432 398 1.74884
637571565 0 0 125 0
637637101 0 0 307 0
637571569 0 0 267 0
637637105 0 0 368 0
637571573 96.4286 0.937305 392 1.44307
637637109 98.4169 0.641167 379 1.40758
637571577 0 0 254 0
637637113 0 0 272 0
637571581 97.3154 1.32414 149 1.49708
637637117 96.9697 0.943635 330 1.71545
637571693 0 0 107 0
637637229 0 0 329 0
637571697 85.4251 2.24516 247 1.14103
637637233 0.243309 0.243013 411 2.6875
637571701 96.3483 0.994131 356 1.37105
637637237 96.3918 0.946787 388 1.45476
637571705 96.9697 1.12786 231 1.46122
637637241 95.9128 1.03352 367 1.64194
637571709 97.9592 1.42827 98 1.70968
637637245 97.8979 0.786125 333 1.66856
637571821 85.7143 13.226 7 1.625
637637357 100 0 2 2
637571825 97.2222 1.03522 252 1.56506
637637361 97.9042 0.783796 334 1.63061
637571829 98.338 0.672867 361 1.58524
637637365 96.4912 0.994966 342 1.53151
637571833 99.5708 0.428262 233 1.51301
637637369 96.8391 0.937869 348 1.5615
637571837 91.6667 7.97856 12 1.58333
637637373 100 0 6 1.14286
637571949 0 0 6 0
637637485 0 0 4 0
637571953 96.1538 1.19264 260 1.42657
637637489 96.4392 1.00946 337 1.56878
637571957 0 0 355 0
637637493 0 0 387 0
637571961 94.6502 1.44353 243 1.33588
637637497 98.0282 0.737897 355 1.75597
637571965 90 9.48683 10 1.55556
637637501 100 0 6 1.28571
637572077 92.0455 2.88448 88 1.46847
637637613 96.4143 1.17359 251 1.58007
637572081 92.9134 1.61006 254 1.2809
637637617 97.6667 0.871567 300 1.78635
637572085 95.7143 1.21038 280 1.40878
637637621 96.1415 1.09216 311 1.62832
637572089 97.807 0.969918 228 1.48374
637637625 96.7949 0.997175 312 1.62952
637572093 0 0 100 0
637637629 0 0 256 0
637572333 93.7853 1.81464 177 1.43147
637637869 98.3871 0.56563 496 1.76611
637572337 0 0 394 0
637637873 0 0 598 0
637572341 97.6991 0.630766 565 1.59011
637637877 89.5093 1.2605 591 1.63884
637572345 97.9592 0.673295 441 1.47599
637637881 98.2143 0.559628 560 1.58418
637572349 98.7879 0.851888 165 1.68063
637637885 97.9633 0.637456 491 1.81382
637572589 96.2264 1.85085 106 1.43284
637638125 98.3051 1.68049 59 1.97468
637572593 0 0 393 0
637638129 98.8636 0.461275 528 1.70698
637572597 95.941 0.847645 542 1.54329
637638133 96.1538 0.786405 598 2.00932
637572601 94.9074 1.05774 432 1.43341
637638137 97.3978 0.686367 538 1.7901
637572605 98.5714 1.00291 140 1.66667
637638141 95 2.81366 60 1.9625
637575661 0 0 138 0
637641197 0 0 311 0
637575665 98.0822 0.717879 365 1.44903
637641201 97.2081 0.829949 394 1.41928
637575669 97.5904 0.752758 415 1.66598
637641205 94.6215 1.00687 502 1.6162
637575673 0 0 284 0
637641209 0 0 337 0
637575677 99.2647 0.732586 136 1.57738
637641213 97.3154 0.93631 298 1.48159
637579757 0 0 25 0
637645293 0 0 109 0
637579761 97.1831 1.9636 71 1.35294
637645297 93.2927 1.95333 164 1.36216
637579765 98.3871 1.13126 124 1.37241
637645301 97.6562 1.33721 128 1.59006
637579769 0 0 53 0
637645305 0 0 112 0
637579773 92.8571 4.86704 28 1.41026
637645309 99.1525 0.84386 118 1.4863
