637566989 96.0854 0.667972 843 1.65687
637632525 96.7258 0.657314 733 1.88402
637566993 97.6593 0.385524 1538 1.68109
637632529 96.3774 0.513325 1325 2.10238
637566997 95.0255 0.549062 1568 1.92209
637632533 99.2822 0.198376 1811 2.81522
637567001 98.346 0.334824 1451 2.39325
637632537 93.7753 0.686942 1237 1.81349
637567005 99.2383 0.286796 919 2.61654
637632541 99.1279 0.354475 688 2.83727
637567117 94.3646 0.766551 905 1.751
637632653 97.454 0.592403 707 2.04599
637567121 0 0 1525 0
637632657 0 0 1394 0
637567125 0 0 1584 0
637632661 0 0 1794 0
637567129 95.9053 0.501248 1563 1.86167
637632665 94.7853 0.615669 1304 2.12184
637567133 94.942 0.711351 949 1.58333
637632669 94.4828 0.847946 725 1.7557
637567245 96.5358 0.621423 866 1.79463
637632781 97.2903 0.583234 775 2.12025
637567249 0 0 1186 0
637632785 0 0 1035 0
637567253 94.5131 0.633054 1294 1.81044
637632789 95.3659 0.51911 1640 1.86264
637567257 94.9089 0.551094 1591 1.6796
637632793 96.9539 0.468413 1346 2.03041
637567261 95.9839 0.622114 996 1.52577
637632797 97.6356 0.56663 719 1.95393
637567373 95.9085 0.687174 831 1.6459
637632909 97.1631 0.625283 705 2.02877
637567377 95.655 0.519167 1542 2.02324
637632913 96.4394 0.510038 1320 2.1611
637567381 95.7418 0.529158 1456 1.68712
637632917 95.0501 0.511542 1798 1.77349
637567385 93.4603 0.711312 1208 1.61878
637632921 96.7423 0.557771 1013 1.83071
637567389 97.191 0.553851 890 1.70719
637632925 98.5507 0.433795 759 2.02239
637567501 92.9664 0.816429 981 1.74906
637633037 98.4185 0.435149 822 2.39055
637567505 96.1752 0.47637 1621 1.82123
637633041 95.1002 0.588159 1347 1.96767
637567509 0 0 1643 0
637633045 0 0 1769 0
637567513 97.125 0.417758 1600 1.92784
637633049 95.1799 0.574507 1390 1.94106
637567517 0 0 0 0
637633053 0 0 0 0
637567629 94.47 0.775797 868 1.82166
637633165 97.8172 0.539714 733 2.00127
637567633 96.4572 0.47794 1496 1.80062
637633169 97.7444 0.40715 1330 2.10411
637567637 96.747 0.435419 1660 2.00642
637633173 95.8927 0.464432 1826 2.1101
637567641 95.3757 0.532227 1557 1.77573
637633177 89.2907 0.815463 1438 1.99853
637567645 96.7956 0.585434 905 1.69139
637633181 90.9091 1.08348 704 1.91155
637567757 0 0 938 0
637633293 0 0 813 0
637567761 97.2015 0.411298 1608 1.73903
637633297 97.3609 0.4281 1402 1.94272
637567765 97.8261 0.363442 1610 1.93373
637633301 95.3827 0.517264 1646 1.94069
637567769 0 0 1498 0
637633305 0 0 1280 0
637567773 0 0 931 0
637633309 0 0 849 0
637567885 93.3185 0.833265 898 1.64748
637633421 94.7518 0.839857 705 1.93427
637567889 0 0 1467 0
637633425 0 0 1421 0
637567893 93.3546 0.629608 1565 1.71578
637633429 93.2578 0.596858 1765 1.83465
637567897 97.2401 0.41504 1558 2.17811
637633433 91.95 0.716706 1441 1.72254
637567901 93.7075 1.00141 588 1.56508
637633437 95.9016 0.8027 610 2.0256
637568013 97.1239 0.555881 904 1.78824
637633549 98.3918 0.480972 684 2.36364
637568017 95.75 0.504317 1600 1.8112
637633553 96.142 0.534979 1296 1.99038
637568021 91.3298 0.681089 1707 1.67613
637633557 88.9702 0.743127 1777 1.64847
637568025 95.756 0.519124 1508 1.7291
637633561 95.4259 0.586716 1268 1.95187
637568029 90.0958 0.974829 939 1.91864
637633565 98.3988 0.478889 687 2.62585
637568141 95.2569 0.668172 1012 1.64643
637633677 96.5206 0.657855 776 2.77822
637568145 0 0 1581 0
637633681 0 0 1284 0
637568149 0 0 1558 0
637633685 0 0 1759 0
637568153 96.071 0.489086 1578 1.6987
637633689 98.0524 0.378211 1335 1.85895
637568157 94.0449 0.79326 890 1.72561
637633693 94.9174 0.782939 787 2.22028
637568269 77.4029 1.33732 978 1.83203
637633805 98.916 0.381173 738 2.07761
637568273 0 0 1551 0
637633809 0 0 1415 0
637568277 94.5701 0.576138 1547 2.01469
637633813 92.853 0.620969 1721 1.99942
637568281 96.3649 0.499674 1403 1.8275
637633817 96.1719 0.536305 1280 2.05632
637568285 95.4696 0.691315 905 2.10659
637633821 98.1944 0.49623 720 2.60363
637568397 96.8619 0.563871 956 1.81766
637633933 98.0501 0.516016 718 2.08949
637568401 95.3456 0.551131 1461 1.65176
637633937 96.7357 0.501413 1256 2.14471
637568405 94.4733 0.58265 1538 1.77297
637633941 72.7273 1.04538 1815 1.4416
637568409 84.886 0.914226 1535 1.6488
637633945 96.6027 0.492328 1354 2.04856
637568413 0 0 975 0
637633949 97.5342 0.573974 730 2.1817
637569037 95.1374 0.6993 946 1.5813
637634573 98.397 0.441003 811 1.84083
637569041 96.405 0.504257 1363 1.78735
637634577 98.2249 0.35912 1352 1.94141
637569045 84.1877 0.980385 1385 1.40422
637634581 74.8915 1.07972 1613 1.38944
637569049 84.115 1.00534 1322 1.79558
637634585 97.4259 0.442289 1282 1.81799
637569053 85.9699 1.06572 1062 1.34472
637634589 0 0 773 0
637569165 95.102 0.689429 980 1.80838
637634701 98.401 0.439927 813 2.21397
637569169 0 0 1388 0
637634705 0 0 1432 0
637569173 0 0 1415 0
637634709 0 0 1587 0
637569177 80.0988 1.06064 1417 1.45779
637634713 91.9488 0.746346 1329 1.6361
637569181 77.4757 1.30164 1030 1.33769
637634717 98.3051 0.44913 826 1.9408
637569293 96.8187 0.571516 943 1.7583
637634829 98.2885 0.453484 818 2.15969
637569297 0 0 1074 0
637634833 0 0 1076 0
637569301 0 0 1175 0
637634837 0 0 1383 0
637569305 76.3305 1.12481 1428 1.35224
637634841 97.9472 0.383937 1364 2.00067
637569309 95.9813 0.600405 1070 1.67459
637634845 98.5748 0.408471 842 1.92389
637569421 85.244 1.19489 881 2.23975
637634957 97.185 0.605579 746 2.02005
637569425 0 0 1353 0
637634961 93.7272 0.654854 1371 1.63284
637569429 94.3846 0.638511 1300 1.65634
637634965 96.3462 0.47504 1560 1.71115
637569433 94.3873 0.703971 1069 1.55062
637634969 96.8868 0.533438 1060 1.73659
637569437 0 0 941 0
637634973 0 0 766 0
637569549 96.0446 0.620715 986 1.72854
637635085 96.0875 0.657738 869 1.8219
637569553 97.4126 0.419829 1430 1.87291
637635089 93.8998 0.644968 1377 2.1034
637569557 0 0 1436 0
637635093 0 0 1553 0
637569561 0 0 1433 0
637635097 0 0 1388 0
637569565 0 0 0 0
637635101 0 0 0 0
637569677 98.0331 0.446772 966 2.05906
637635213 95.3692 0.743461 799 2.06315
637569681 96.4832 0.509327 1308 1.72926
637635217 97.4194 0.424521 1395 2.03093
637569685 0 0 1455 0
637635221 0 0 1594 0
637569689 96.8975 0.465723 1386 2.06694
637635225 98.9726 0.263907 1460 2.83932
637569693 96.4 0.589101 1000 1.6939
637635229 96.7662 0.623868 804 1.74886
637569805 96.0766 0.600599 1045 1.46685
637635341 94.0688 0.813542 843 1.90939
637569809 96.2644 0.508271 1392 1.648
637635345 97.6678 0.401214 1415 1.76366
637569813 99.3675 0.210154 1423 2.68907
637635349 94.4406 0.600292 1457 1.84813
637569817 95.8934 0.53265 1388 1.71777
637635353 97.4378 0.433743 1327 1.76475
637569821 0 0 1022 0
637635357 0 0 916 0
637569933 0 0 951 0
637635469 0 0 820 0
637569937 0 0 1339 0
637635473 0 0 1404 0
637569941 97.4656 0.422928 1381 1.81335
637635477 96.2549 0.48667 1522 1.92753
637569945 94.8847 0.591341 1388 1.90966
637635481 97.7194 0.392445 1447 2.01222
637569949 90.4844 1.22051 578 1.82394
637635485 96.1844 0.763849 629 1.82353
637570061 0 0 933 0
637635597 0 0 785 0
637570065 96.8728 0.458824 1439 1.84235
637635601 97.9499 0.390479 1317 2.03484
637570069 89.94 0.776398 1501 1.49232
637635605 86.4035 0.857951 1596 1.61666
637570073 93.3775 0.674564 1359 1.41575
637635609 97.8906 0.401645 1280 1.79633
637570077 77.7083 1.34329 960 1.26582
637635613 98.8916 0.367405 812 2.51951
637570189 87.9741 0.98929 1081 1.44238
637635725 97.0387 0.572091 878 1.85041
637570193 0 0 1422 0
637635729 0 0 1323 0
637570197 0 0 1394 0
637635733 0 0 1549 0
637570201 76.3808 1.14503 1376 1.30362
637635737 80.3738 1.06491 1391 1.45302
637570205 96.0946 0.621052 973 1.60532
637635741 96.3314 0.646707 845 1.80403
637570317 92.8983 0.795705 1042 1.83784
637635853 97.7245 0.51605 835 1.97062
637570321 0 0 1365 0
637635857 0 0 1439 0
637570325 96.5643 0.49246 1368 1.77252
637635861 94.6773 0.579041 1503 1.92791
637570329 90.3704 0.84631 1215 2.31689
637635865 99.3818 0.217903 1294 2.68013
637570333 90.2263 0.952494 972 1.37894
637635869 96.6706 0.618629 841 1.77643
637570445 96.4989 0.607981 914 1.67519
637635981 81.2425 1.34932 837 1.4787
637570449 95.9874 0.550487 1271 1.76453
637635985 94.5312 0.635516 1280 1.87044
637570453 95.5048 0.562468 1357 1.51368
637635989 96.3924 0.469139 1580 1.82749
637570457 97.2163 0.439505 1401 1.71221
637635993 97.6945 0.402829 1388 1.82256
637570461 92.738 0.812962 1019 1.64402
637635997 0 0 856 0
637567021 0 0 1345 0
637632557 0 0 567 0
637567025 0 0 905 0
637599793 0 0 864 0
637632561 0 0 776 0
637567029 97.6852 0.511582 864 1.85214
637599797 95.7576 0.640584 990 1.625
637632565 99.1753 0.290386 970 1.79171
637567033 83.9812 1.25879 849 1.37091
637599801 98.07 0.47783 829 1.85572
637632569 96.547 0.67858 724 1.84606
637567037 97.1657 0.447374 1376 1.6169
637632573 98.3278 0.524368 598 1.62285
637567149 98.706 0.303027 1391 1.61232
637632685 95.7997 0.806265 619 1.6027
637567153 97.0623 0.57885 851 1.66865
637599921 98.4487 0.426906 838 1.9504
637632689 97.0711 0.629703 717 2.06211
637567157 94.6136 0.772499 854 1.48225
637599925 97.2107 0.529254 968 1.70811
637632693 96.645 0.592378 924 1.83333
637567161 93.75 0.808671 896 1.70739
637599929 95.8887 0.690427 827 1.69223
637632697 98.7871 0.401853 742 1.9228
637567165 96.9351 0.460169 1403 1.68285
637632701 96.875 0.687766 640 1.8287
637567277 98.0407 0.380469 1327 1.8978
637632813 90.9639 1.11261 664 2.07975
637567281 97.7848 0.58544 632 1.45902
637600049 94.9812 0.773375 797 1.70957
637632817 97.1429 0.781026 455 1.61448
637567285 92.2137 1.04699 655 2.33188
637600053 99.3205 0.276461 883 2.52257
637632821 93.5323 0.867414 804 2.30023
637567289 97.9809 0.45852 941 1.82701
637600057 97.6663 0.515711 857 2.05703
637632825 94.0928 0.884165 711 1.81971
637567293 96.0686 0.519582 1399 1.50869
637632829 32.8467 1.79446 685 1.88755
637567405 0 0 1248 0
637632941 0 0 599 0
637567409 86.7483 1.13143 898 1.42676
637600177 96.0422 0.708146 758 1.84303
637632945 97.3046 0.594535 742 2.18813
637567413 96.9942 0.580555 865 1.65069
637600181 96.5944 0.582652 969 1.66521
637632949 33.7621 1.5482 933 1.84343
637567417 96.3478 0.782281 575 1.59767
637600185 98.6181 0.413773 796 2.33092
637632953 98.8914 0.493046 451 2.30502
637567421 96.261 0.513684 1364 1.66352
637632957 97.9719 0.556756 641 1.8605
637567533 91.7768 0.744386 1362 1.47606
637633069 98.2512 0.522654 629 1.98947
637567537 96.7532 0.583071 924 1.59259
637600305 95.8097 0.674287 883 1.69682
637633073 97.7273 0.544917 748 1.75376
637567541 94.7431 0.771391 837 1.40699
637600309 96.0905 0.621678 972 1.61441
637633077 54.9451 1.5726 1001 1.61228
637567545 98.6696 0.381483 902 1.76487
637600313 97.479 0.54315 833 1.8823
637633081 96.3513 0.689254 740 1.80443
637567549 0 0 1344 0
637633085 0 0 647 0
637567661 0 0 877 0
637633197 0 0 500 0
637567665 78.7671 1.38174 876 1.49643
637600433 82.7628 1.32061 818 1.51298
637633201 89.7606 1.10553 752 1.51866
637567669 0 0 839 0
637600437 0 0 970 0
637633205 0 0 958 0
637567673 97.5085 0.524532 883 1.71816
637600441 96.8047 0.605025 845 1.90164
637633209 94.8617 0.801375 759 1.81731
637567677 96.875 0.469053 1376 1.63762
637633213 96.1059 0.763502 642 1.68666
637567789 98.5242 0.319651 1423 1.88045
637633325 79.3627 1.57649 659 1.61888
637567793 73.3333 1.48649 885 1.23591
637600561 79.4393 1.38134 856 1.2503
637633329 72.8947 1.61238 760 1.50079
637567797 0 0 831 0
637600565 0 0 943 0
637633333 0 0 924 0
637567801 96.5702 0.59582 933 1.54622
637600569 97.2061 0.562288 859 1.77799
637633337 97.9879 0.62984 497 1.88045
637567805 96.077 0.518493 1402 1.56053
637633341 97.6489 0.599872 638 1.78698
637567917 97.4619 0.423533 1379 1.77225
637633453 95.9866 0.80262 598 1.98098
637567921 94.4134 0.767678 895 1.64902
637600689 96.9456 0.627094 753 1.72857
637633457 97.8632 0.545781 702 1.9029
637567925 97.0701 0.601918 785 1.6787
637600693 97.1459 0.541381 946 1.9606
637633461 98.2818 0.439813 873 1.97068
637567929 97.4233 0.554988 815 1.60944
637600697 97.6953 0.536935 781 1.80457
637633465 95.896 0.733742 731 1.69512
637567933 0 0 1307 0
637633469 0 0 622 0
637568045 98.7313 0.305736 1340 2.06874
637633581 97.0992 0.655757 655 2.04882
637568049 96.544 0.60989 897 1.47086
637600817 96.0272 0.658045 881 1.71443
637633585 97.7528 0.555449 712 1.89988
637568053 90.6949 0.997005 849 1.39425
637600821 89.1554 1.00409 959 1.55028
637633589 93.5722 0.796108 949 1.53779
637568057 86.0491 1.1575 896 1.39936
637600825 97.3256 0.550147 860 1.69033
637633593 97.8571 0.547323 700 1.69619
637568061 97.1654 0.465697 1270 1.53451
637633597 97.6 0.612196 625 2.26152
637568173 98.7216 0.299391 1408 1.67818
637633709 97.6401 0.582968 678 1.72652
637568177 98.2495 0.433789 914 1.61972
637600945 96.6435 0.612733 864 1.57225
637633713 98.4637 0.459644 716 1.68618
637568181 95.6469 0.709547 827 1.59438
637600949 96.2322 0.607644 982 1.5504
637633717 90.4404 0.963666 931 1.63747
637568185 96.2431 0.632085 905 1.56818
637600953 96.9084 0.596858 841 1.59821
637633721 95.7983 0.75083 714 1.69837
637568189 96.5368 0.491138 1386 1.71263
637633725 98.4402 0.51586 577 2.19376
637568301 95.8013 0.530553 1429 1.63043
637633837 97.9381 0.545344 679 2.05372
637568305 49.1304 1.6482 920 1.15304
637601073 88.0202 1.15313 793 1.41757
637633841 87.4674 1.19627 766 1.33248
637568309 69.5594 1.68137 749 1.17688
637601077 76.8166 1.4332 867 1.3608
637633845 89.6589 0.994213 938 1.51023
637568313 94.5093 0.778597 856 1.49635
637601081 97.157 0.584322 809 1.5529
637633849 96 0.740656 700 1.76289
637568317 98.5294 0.334886 1292 1.62248
637633853 96.6611 0.73403 599 1.87046
637568429 91.6854 0.755667 1335 1.49317
637633965 98.4686 0.480547 653 2.26232
637568433 96.2651 0.658169 830 1.57644
637601201 97.3316 0.574463 787 1.91286
637633969 97.114 0.63595 693 1.81227
637568437 95.3434 0.718923 859 1.54585
637601205 95.549 0.648587 1011 1.70249
637633973 97.5952 0.484941 998 1.75519
637568441 96.9422 0.579399 883 1.47098
637601209 95.7447 0.693966 846 1.63767
637633977 79.443 1.47171 754 1.87888
637568445 97.8858 0.38189 1419 1.73111
637633981 98.3103 0.505144 651 1.68911
637569069 0 0 634 0
637601837 0 0 830 0
637634605 0 0 406 0
637569073 0 0 1356 0
637634609 0 0 1302 0
637569077 98.8327 0.299635 1285 2.14756
637634613 98.7124 0.301519 1398 2.11522
637569081 96.7409 0.500629 1258 1.474
637634617 97.9167 0.404297 1248 1.88873
637569085 97.8428 0.570274 649 1.53592
637601853 81.1384 1.30692 896 1.84722
637634621 99.0698 0.462948 430 1.64286
637569197 99.3958 0.301201 662 1.89009
637601965 97.4771 0.531063 872 2.07857
637634733 98.8584 0.507596 438 2.0973
637569201 97.0173 0.476592 1274 1.50985
637634737 96.0547 0.552377 1242 1.62509
637569205 95.5626 0.579667 1262 1.63408
637634741 96.9957 0.456556 1398 1.69707
637569209 96.9809 0.464339 1358 2.01977
637634745 93.4039 0.708315 1228 1.62725
637569213 97.9381 0.545344 679 1.77792
637601981 96.3049 0.641034 866 1.73198
637634749 98.9691 0.458662 485 1.93345
637569325 97.2887 0.648617 627 1.52464
637602093 88.8498 1.07833 852 1.9337
637634861 98.1211 0.620394 479 1.85294
637569329 96.1888 0.576773 1102 1.48517
637634865 97.4332 0.517187 935 1.60839
637569333 97.9628 0.420437 1129 1.9152
637634869 90.1182 0.867257 1184 1.53402
637569337 0 0 1399 0
637634873 0 0 1249 0
637569341 83.0218 1.48175 642 1.54774
637602109 97.754 0.48458 935 1.91985
637634877 97.7178 0.6802 482 1.99481
637569453 0 0 602 0
637602221 0 0 752 0
637634989 0 0 416 0
637569457 0 0 1331 0
637634993 96.8543 0.502209 1208 2.25277
637569461 0 0 1294 0
637634997 0 0 1434 0
637569465 95.4413 0.649619 1031 1.40888
637635001 96.5128 0.587527 975 1.50317
637569469 0 0 636 0
637602237 0 0 840 0
637635005 0 0 446 0
637569581 96.2848 0.744135 646 1.59805
637602349 97.9419 0.494002 826 1.88241
637635117 98.6143 0.561769 433 1.91993
637569585 96.8613 0.471074 1370 1.59592
637635121 96.9302 0.477876 1303 1.76949
637569589 99.3088 0.229617 1302 2.1611
637635125 97.6744 0.400097 1419 2.00753
637569593 95.9122 0.544792 1321 1.52003
637635129 0 0 1206 0
637569597 95.3632 0.826698 647 1.5443
637602365 97.2256 0.570427 829 1.79815
637635133 96.4523 0.871044 451 1.89088
637569709 95.9459 0.93598 444 1.54858
637602477 96.0377 0.847334 530 1.8
637635245 98.3193 0.680341 357 1.82558
637569713 96.571 0.513878 1254 1.57931
637635249 95.8162 0.573457 1219 1.71296
637569717 93.9641 0.680153 1226 1.93119
637635253 96.4912 0.487432 1425 1.53654
637569721 95.3257 0.584331 1305 1.63064
637635257 97.7795 0.414942 1261 1.80592
637569725 98.2783 0.492704 697 1.69755
637602493 95.8775 0.682315 849 1.66388
637635261 91.1964 1.34622 443 1.64562
637569837 97.2477 0.639732 654 1.51641
637602605 98.4581 0.408888 908 1.61299
637635373 97.7221 0.712085 439 1.65751
637569841 0 0 1329 0
637635377 0 0 1270 0
637569845 97.9829 0.39157 1289 1.82402
637635381 90.0616 0.830405 1298 1.73247
637569849 95.3333 0.574062 1350 1.54439
637635385 98.2558 0.407508 1032 1.82486
637569853 96.0848 0.78338 613 1.43914
637602621 97.3684 0.530054 912 1.7249
637635389 97.4684 0.721513 474 1.71607
637569965 95.6012 0.78525 682 1.53112
637602733 96.1761 0.6528 863 1.77268
637635501 97.549 0.76551 408 1.84711
637569969 93.4221 0.693703 1277 1.66335
637635505 96.8094 0.509259 1191 1.94686
637569973 0 0 1216 0
637635509 0 0 1283 0
637569977 93.7953 0.684801 1241 1.72857
637635513 85.6048 1.02453 1174 1.74979
637569981 95.5267 0.785254 693 1.56809
637602749 83.5178 1.30122 813 1.26164
637635517 97.2477 0.783508 436 1.70019
637570093 98.3793 0.508354 617 1.68768
637602861 98.1043 0.46942 844 1.73143
637635629 95.815 0.939805 454 1.68037
637570097 95.9969 0.543903 1299 1.48788
637635633 93.9844 0.664604 1280 1.61868
637570101 93.5004 0.68985 1277 1.31913
637635637 90.1818 0.802461 1375 1.53851
637570105 88.8716 0.877296 1285 1.69507
637635641 97.4919 0.444782 1236 2.10684
637570109 94.7547 0.917051 591 1.50883
637602877 97.3485 0.570885 792 1.62092
637635645 97.6744 0.726812 430 1.71614
637570221 97.4961 0.618092 639 1.67291
637602989 97.1616 0.548704 916 1.87196
637635757 99.3407 0.379413 455 1.84111
637570225 95.2123 0.593298 1295 1.75329
637635761 98.2972 0.359931 1292 2.05139
637570229 96.4119 0.519465 1282 1.53236
637635765 95.0683 0.596429 1318 1.81341
637570233 97.352 0.448071 1284 1.66074
637635769 94.9721 0.61733 1253 1.68238
637570237 97.3646 0.612937 683 1.54083
637603005 97.1496 0.573474 842 1.61741
637635773 92.3261 1.30347 417 1.75267
637570349 98.3607 0.490212 671 1.48456
637603117 97.2467 0.543027 908 1.80113
637635885 96.0986 0.877418 487 1.63699
637570353 96.9242 0.472909 1333 1.63479
637635889 96.571 0.513878 1254 1.79272
637570357 94.7842 0.666772 1112 1.59175
637635893 92.5351 0.714523 1353 1.65347
637570361 97.547 0.442325 1223 1.84282
637635897 88.9924 0.910748 1181 1.68919
637570365 97.479 0.642664 595 1.56212
637603133 96.343 0.666555 793 1.65625
637635901 97.1831 0.801635 426 1.67535
637570477 96.8227 0.717239 598 1.43137
637603245 97.1698 0.569476 848 1.67136
637636013 98.7207 0.518928 469 1.69188
637570481 92.8172 0.729431 1253 1.69862
637636017 82.947 1.0821 1208 1.47414
637570485 95.8399 0.559425 1274 1.67031
637636021 96.263 0.498952 1445 1.6972
637570489 0 0 1287 0
637636025 94.6783 0.632611 1259 1.65265
637570493 98.688 0.434439 686 1.90327
637603261 97.8385 0.490504 879 1.87573
637636029 89.7436 1.40241 468 1.41715
637567053 96.9849 0.699865 597 1.5842
637632589 97.482 0.664434 556 1.73964
637567057 97.3451 0.676323 565 1.67807
637632593 81.6017 1.80267 462 1.39423
637567061 97.786 0.632018 542 1.47902
637632597 97.3451 0.676323 565 1.54327
637567065 91.9517 1.22026 497 1.60634
637632601 98.9562 0.464378 479 1.79238
637567069 0 0 604 0
637632605 0 0 522 0
637567181 92.8839 1.11255 534 1.37057
637632717 96.1686 0.840158 522 1.48182
637567185 0 0 509 0
637632721 0 0 469 0
637567189 98.0354 0.615139 509 1.48556
637632725 73.5192 1.84166 574 1.37137
637567193 98.3333 0.550906 540 1.448
637632729 97.2103 0.762855 466 1.70713
637567197 99.0859 0.406915 547 1.64873
637632733 95.0192 0.952186 522 1.44524
637567309 94.3119 0.992128 545 1.48969
637632845 97.8764 0.63344 518 1.43214
637567313 0 0 450 0
637632849 0 0 362 0
637567317 98.1168 0.589898 531 1.74517
637632853 62.0301 2.10409 532 1.48451
637567321 98.1387 0.555941 591 1.44073
637632857 94.824 1.00805 483 1.51277
637567325 96.8519 0.751424 540 1.4851
637632861 96.6403 0.801038 506 1.43575
637567437 98.599 0.491864 571 1.51406
637632973 94.0758 1.1492 422 1.57333
637567441 0 0 559 0
637632977 0 0 491 0
637567445 0 0 536 0
637632981 0 0 573 0
637567449 96.7901 0.875855 405 1.35903
637632985 96.7914 0.91125 374 1.58034
637567453 83.3635 1.58364 553 1.25187
637632989 98.5626 0.539357 487 1.80297
637567565 84.2697 1.57556 534 1.25698
637633101 96.7078 0.809384 486 1.58058
637567569 0 0 496 0
637633105 0 0 518 0
637567573 0 0 520 0
637633109 0 0 591 0
637567577 94.8214 0.936406 560 1.42809
637633113 99.3534 0.372077 464 2.2888
637567581 95.5854 0.899958 521 1.56863
637633117 96.8 0.787096 500 1.65996
637567693 0 0 609 0
637633229 0 0 501 0
637567697 0 0 519 0
637633233 0 0 472 0
637567701 0 0 515 0
637633237 0 0 559 0
637567705 98.0198 0.619963 505 1.52055
637633241 92.9515 1.20129 454 1.65409
637567709 0 0 591 0
637633245 0 0 463 0
637567821 80.4498 1.64958 578 1.60487
637633357 79.096 1.76459 531 1.54526
637567825 97.5746 0.66447 536 1.60835
637633361 96.8815 0.79254 481 1.54649
637567829 97.4312 0.677667 545 1.66159
637633365 97.4359 0.701977 507 1.62234
637567833 96.7905 0.724389 592 1.56
637633369 98.1289 0.617838 481 1.48771
637567837 98.9267 0.435833 559 1.53208
637633373 96.6229 0.782436 533 1.79225
637567949 87.6461 1.34448 599 1.27911
637633485 98.3607 0.574825 488 1.80148
637567953 94.8435 0.949036 543 1.47869
637633489 95.9906 0.952736 424 1.62658
637567957 0 0 535 0
637633493 0 0 544 0
637567961 98.8484 0.467437 521 1.91708
637633497 85.8124 1.66913 437 1.63942
637567965 98.6755 0.465171 604 1.72781
637633501 91.4347 1.295 467 1.60341
637568077 98.4791 0.533619 526 1.89456
637633613 99.5842 0.293404 481 2.07854
637568081 0 0 542 0
637633617 0 0 488 0
637568085 90.5433 1.31256 497 1.49281
637633621 93.0435 1.06098 575 1.44481
637568089 98.3806 0.567901 494 1.65104
637633625 67.7686 2.12437 484 1.69801
637568093 0 0 516 0
637633629 0 0 463 0
637568205 0 0 576 0
637633741 0 0 508 0
637568209 0 0 505 0
637633745 0 0 500 0
637568213 92.9453 1.07538 567 1.53497
637633749 82.8413 1.61944 542 1.56783
637568217 91.3215 1.25027 507 1.58333
637633753 96.6887 0.840689 453 1.74648
637568221 96.4684 0.795769 538 1.45199
637633757 93.4653 1.09974 505 1.55323
637568333 0 0 560 0
637633869 0 0 542 0
637568337 0 0 550 0
637633873 0 0 456 0
637568341 0 0 469 0
637633877 0 0 531 0
637568345 92.7984 1.17265 486 1.54356
637633881 96.4286 0.905522 420 1.56291
637568349 0 0 503 0
637633885 0 0 484 0
637568461 99.7963 0.203457 491 2.24382
637633997 99.8051 0.194741 513 2.52197
637568465 94.7464 0.949601 552 1.33819
637634001 97.0115 0.816383 435 1.54852
637568469 0 0 523 0
637634005 0 0 576 0
637568473 93.8704 1.00383 571 1.38782
637634009 97.8166 0.682875 458 1.75734
637568477 0 0 584 0
637634013 0 0 490 0
637571149 97.7413 0.673296 487 1.54741
637636685 99.4975 0.354437 398 1.75368
637571153 96.3211 0.769787 598 1.40556
637636689 93.0693 1.13018 505 1.64193
637571157 97.2868 0.715223 516 1.61121
637636693 99.064 0.380343 641 1.69796
637571161 98.3146 0.557043 534 1.52426
637636697 98.5201 0.555201 473 2.01905
637571165 97.3282 0.704453 524 1.6932
637636701 97.1302 0.784423 453 2.02874
637571277 90.625 1.2145 576 1.38193
637636813 97.1239 0.786134 452 1.39089
637571281 0 0 620 0
637636817 0 0 478 0
637571285 0 0 552 0
637636821 0 0 584 0
637571289 85.025 1.45553 601 1.34545
637636825 60.6316 2.2417 475 1.12607
637571293 95.8015 0.876125 524 1.50251
637636829 98.2533 0.612143 458 1.60078
637571405 0 0 508 0
637636941 0 0 439 0
637571409 0 0 548 0
637636945 0 0 368 0
637571413 97.774 0.610478 584 1.57416
637636949 98.2344 0.527643 623 1.75182
637571417 96.8595 0.709076 605 1.53586
637636953 95.2191 0.952279 502 1.58792
637571421 95.6088 0.915424 501 1.52098
637636957 99.1936 0.401596 496 2.07923
637571533 99.2395 0.378779 526 1.77364
637637069 98.7113 0.572581 388 2.09051
637571537 0 0 616 0
637637073 0 0 480 0
637571541 0 0 546 0
637637077 0 0 636 0
637571545 97.4026 0.68511 539 1.30099
637637081 96.9274 0.912088 358 1.64878
637571549 96.5583 0.797131 523 1.48241
637637085 97.0982 0.793048 448 1.51346
637571661 95.4296 0.892944 547 1.54834
637637197 98.6487 0.547946 444 1.78654
637571665 0 0 609 0
637637201 0 0 487 0
637571669 0 0 575 0
637637205 0 0 609 0
637571673 97.9452 0.587042 584 1.44396
637637209 99.6094 0.275674 512 1.82185
637571677 95.8929 0.838627 560 1.56297
637637213 97.5983 0.715405 458 1.7219
637571789 0 0 515 0
637637325 0 0 430 0
637571793 0 0 611 0
637637329 0 0 428 0
637571797 0 0 522 0
637637333 0 0 624 0
637571801 96.7014 0.744167 576 1.50669
637637337 93.7901 1.11676 467 1.61277
637571805 97.4403 0.652405 586 1.51929
637637341 97.8947 0.658698 475 1.47378
637571917 94.3739 0.981647 551 2.03252
637637453 98.3903 0.564501 497 2.27957
637571921 97.3064 0.66427 594 1.41643
637637457 97.456 0.696555 511 1.70619
637571925 97.5425 0.673152 529 1.78356
637637461 98.6038 0.490159 573 2.06881
637571929 0 0 581 0
637637465 0 0 473 0
637571933 98 0.626099 500 1.57586
637637469 98.4946 0.56468 465 1.93321
637572045 0 0 561 0
637637581 0 0 429 0
637572049 86.3487 1.3924 608 1.32445
637637585 96.9957 0.790778 466 1.6145
637572053 0 0 566 0
637637589 0 0 636 0
637572057 0 0 614 0
637637593 0 0 497 0
637572061 98.9418 0.429717 567 1.75977
637637597 99.3039 0.400467 431 1.77799
637572173 95.7447 0.931053 470 1.65867
637637709 94.8052 1.03248 462 2.07243
637572177 0 0 252 0
637637713 0 0 211 0
637572181 92.9603 1.08685 554 1.4493
637637717 90.1478 1.20764 609 1.55102
637572185 82.0064 1.53286 628 1.62927
637637721 98.5772 0.533915 492 1.80392
637572189 97.5952 0.685811 499 1.37937
637637725 99.0991 0.448417 444 1.61731
637572301 0 0 507 0
637637837 0 0 476 0
637572305 0 0 601 0
637637841 0 0 507 0
637572309 96.6071 0.765056 560 1.43833
637637845 96.6877 0.710732 634 1.74207
637572313 97.193 0.691835 570 1.64427
637637849 98.427 0.589856 445 1.86248
637572317 0 0 594 0
637637853 0 0 444 0
637572429 97.9853 0.601291 546 1.63422
637637965 97.3856 0.744775 459 1.72871
637572433 56.9231 2.04733 585 1.40049
637637969 87.0833 1.53081 480 2.29806
637572437 0 0 549 0
637637973 0 0 558 0
637572441 97.2727 0.69451 550 1.62128
637637977 96.3964 0.884519 444 1.73361
637572445 93.8124 1.0764 501 1.43214
637637981 99.0385 0.478452 416 2.25311
637572557 98.7755 0.496825 490 1.66382
637638093 97.2431 0.819696 399 1.80208
637572561 0 0 602 0
637638097 0 0 444 0
637572565 0 0 544 0
637638101 0 0 648 0
637572569 97.7778 0.609447 585 1.54009
637638105 93.5354 1.10524 495 1.76374
637572573 0 0 533 0
637638109 0 0 465 0
637567085 0 0 0 0
637632621 100 0 1 1
637567089 0 0 196 0
637632625 0 0 338 0
637567093 0 0 304 0
637632629 0 0 367 0
637567097 88.8298 2.29737 188 1.36842
637632633 53.8235 2.70369 340 1.24651
637567101 60 21.9089 5 2
637632637 66.6667 27.2166 3 2
637567213 66.6667 27.2166 3 1.5
637632749 100 0 1 1.5
637567217 0 0 177 0
637632753 0 0 330 0
637567221 99.0033 0.572558 301 1.56509
637632757 97.0874 0.956631 309 1.70623
637567225 96.1749 1.41784 183 1.42857
637632761 96.2025 1.07522 316 1.71848
637567229 100 0 4 1.33333
637632765 100 0 2 2.33333
637567341 100 0 53 1.88732
637632877 81.457 2.23641 302 1.75458
637567345 0 0 226 0
637632881 0 0 275 0
637567349 97.8495 0.868461 279 1.56352
637632885 96.4706 1.00071 340 1.49724
637567353 96.5368 1.20304 231 1.417
637632889 97.0326 0.924334 337 1.58678
637567357 87.7193 4.34732 57 1.67692
637632893 86.4516 1.94379 310 1.49508
637567469 0 0 14 0
637633005 0 0 173 0
637567473 0 0 83 0
637633009 0 0 273 0
637567477 98.8827 0.785637 179 1.42487
637633013 96.1353 1.33973 207 1.5576
637567481 0 0 93 0
637633017 0 0 199 0
637567485 92.3077 7.39053 13 1.46667
637633021 97.6331 1.16934 169 1.34857
637567597 98.2353 1.00982 170 1.59406
637633133 99.2443 0.434633 397 1.87472
637567601 87.5706 1.75349 354 1.30395
637633137 80.4971 1.73256 523 1.4
637567605 97.5758 0.691283 495 1.38561
637633141 93.2642 1.04163 579 1.46689
637567609 96.9466 0.867889 393 1.49395
637633145 97.1311 0.755655 488 1.64683
637567613 93.8548 1.79503 179 1.34
637633149 96.7213 0.930831 366 1.76585
637567725 95.1049 1.80432 143 1.52866
637633261 94.5652 2.36354 92 1.99083
637567729 91.0569 1.48555 369 1.60743
637633265 93.0672 1.16426 476 1.87216
637567733 97.7035 0.68441 479 1.45418
637633269 94.7458 0.918563 590 1.53344
637567737 94.9239 1.10588 394 1.75476
637633273 98.8258 0.47653 511 1.98921
637567741 97.4194 1.27356 155 1.48295
637633277 97.8261 1.52039 92 1.9569
637567853 0 0 3 0
637633389 0 0 2 0
637567857 98.7715 0.546017 407 1.57336
637633393 98.8142 0.48121 506 1.50896
637567861 0 0 529 0
637633397 0 0 504 0
637567865 98.1579 0.689808 380 2.19814
637633401 93.2673 1.1151 505 1.85193
637567869 90.9091 8.66784 11 1.2
637633405 100 0 2 1
637567981 74.7967 3.91487 123 1.2
637633517 90.1961 4.16398 51 1.25
637567985 94.5107 1.11273 419 1.49353
637633521 96.9977 0.820096 433 1.62112
637567989 98.1851 0.568685 551 1.67327
637633525 92.1098 1.11651 583 1.87438
637567993 95.8656 1.012 387 1.51449
637633529 96.0552 0.864505 507 1.65154
637567997 96.319 1.47484 163 1.68966
637633533 96.8254 2.20886 63 1.91463
637568109 99.359 0.638967 156 1.46907
637633645 95.5446 1.0265 404 1.69623
637568113 95.3988 1.16038 326 1.65651
637633649 96.9199 0.78293 487 1.68927
637568117 78.7356 1.79092 522 1.22698
637633653 77.1777 1.75174 574 1.37822
637568121 97.9644 0.712339 393 1.56706
637633657 97.6471 0.671197 510 1.79789
637568125 91.0345 2.3725 145 1.69643
637633661 97.3494 0.788524 415 1.89135
637568237 93.4426 2.24108 122 1.44366
637633773 98.4848 0.531613 528 1.7043
637568241 86.3636 2.02923 286 1.59075
637633777 95.5814 0.991049 430 1.5087
637568245 98.2111 0.56062 559 1.49351
637633781 97.3734 0.692718 533 1.54591
637568249 0 0 364 0
637633785 0 0 515 0
637568253 85.1852 3.05748 135 1.69128
637633789 97.9167 0.621571 528 1.63971
637568365 96.875 1.37553 160 1.40526
637633901 97.8402 0.675581 463 1.73879
637568369 96 1.01193 375 1.58738
637633905 95.7747 0.902357 497 1.78018
637568373 88.641 1.42911 493 1.48654
637633909 95 0.955752 520 1.43085
637568377 94.7075 1.18161 359 1.43041
637633913 96.162 0.887085 469 1.59612
637568381 97.4194 1.27356 155 1.92021
637633917 86.5789 1.74867 380 1.62953
637568493 96.9231 2.14198 65 1.39437
637634029 99.1968 0.565672 249 1.55903
637568497 0 0 193 0
637634033 0 0 243 0
637568501 98.5915 0.807423 213 2.41221
637634037 95.8955 1.21188 268 1.63729
637568505 95.9184 1.41332 196 1.4507
637634041 97.4895 1.01194 239 1.46875
637568509 98.4375 1.55024 64 1.41026
637634045 83.4646 2.331 254 1.51562
637571181 83.3333 15.2145 6 1.2
637636717 100 0 1 3
637571185 0 0 405 0
637636721 0 0 521 0
637571189 97.6654 0.666036 514 1.64493
637636725 98.39 0.532335 559 1.69182
637571193 96.6942 0.938392 363 1.6791
637636729 95.3642 0.98788 453 1.77119
637571197 0 0 7 0
637636733 100 0 2 3.33333
637571309 94.1176 2.01763 136 1.42568
637636845 96.2963 2.09836 81 2.28571
637571313 0 0 389 0
637636849 0 0 499 0
637571317 84.8178 1.61453 494 1.62047
637636853 97.4729 0.666801 554 1.72156
637571321 96.1353 0.94733 414 1.47917
637636857 94.041 1.02155 537 1.49206
637571325 95.6044 1.51954 182 1.47059
637636861 98.8372 1.15601 86 1.54206
637571437 95.5975 1.62695 159 1.57527
637636973 98.9848 0.505031 394 1.63697
637571441 0 0 272 0
637636977 0 0 428 0
637571445 97.6699 0.664758 515 1.44991
637636981 96.4775 0.815508 511 1.56284
637571449 96.3592 0.922773 412 1.38515
637636985 97.9798 0.632358 495 1.58614
637571453 98.3696 0.933627 184 1.49524
637636989 96.7172 0.895423 396 1.75463
637571565 0 0 120 0
637637101 0 0 334 0
637571569 0 0 254 0
637637105 0 0 356 0
637571573 97.3837 0.860609 344 1.46486
637637109 97.5807 0.796636 372 1.32746
637571577 0 0 232 0
637637113 0 0 277 0
637571581 99.1936 0.803193 124 1.57616
637637117 98.4709 0.678564 327 1.71989
637571693 0 0 81 0
637637229 0 0 305 0
637571697 87.8151 2.12035 238 1.18908
637637233 0.278552 0.278163 359 1.90476
637571701 96.7359 0.967966 337 1.47861
637637237 97.0899 0.864553 378 1.33656
637571705 97.6077 1.05701 209 1.50424
637637241 96.0123 1.08372 326 1.75209
637571709 94.9495 2.20088 99 1.57018
637637245 97.281 0.893938 331 1.59184
637571821 100 0 12 2.08333
637637357 100 0 1 2
637571825 97.7974 0.974143 227 1.5
637637361 97.8261 0.812682 322 1.67598
637571829 98.2456 0.709914 342 1.63415
637637365 95.3353 1.13866 343 1.48656
637571833 99.0654 0.657751 214 1.55556
637637369 98 0.748331 350 1.54054
637571837 90.9091 8.66784 11 1.63636
637637373 100 0 2 1
637571949 0 0 9 0
637637485 0 0 2 0
637571953 96.087 1.27857 230 1.39608
637637489 97.5684 0.849188 329 1.45087
637571957 0 0 306 0
637637493 0 0 352 0
637571961 97.0588 1.09519 238 1.3913
637637497 98.7952 0.598769 332 1.73654
637571965 100 0 2 2
637637501 75 21.6506 4 3.33333
637572077 98.0392 1.37282 102 1.41732
637637613 98.0916 0.845278 262 1.54333
637572081 93.9394 1.56991 231 1.28807
637637617 95.9459 1.14634 296 1.77814
637572085 96.9697 1.05502 264 1.48986
637637621 96.988 0.938039 332 1.59563
637572089 97.8541 0.949333 233 1.49393
637637625 96.3087 1.09223 298 1.6227
637572093 0 0 97 0
637637629 0 0 274 0
637572333 95.7055 1.58792 163 1.36464
637637869 98.9035 0.48767 456 1.69729
637572337 0 0 420 0
637637873 0 0 563 0
637572341 98.4906 0.529622 530 1.57143
637637877 88.4365 1.29055 614 1.61577
637572345 98.9975 0.498735 399 1.43778
637637881 98.1481 0.611541 486 1.7218
637572349 98.3051 0.970232 177 1.72727
637637885 93.75 1.06977 512 1.87977
637572589 95.8678 1.80941 121 1.49624
637638125 100 0 46 2.43056
637572593 0 0 402 0
637638129 97.7117 0.715306 437 1.69311
637572597 97.9167 0.621571 528 1.57774
637638133 97.3244 0.659887 598 2.03622
637572601 96.9466 0.867889 393 1.48227
637638137 97.1591 0.723025 528 1.77345
637572605 99.3378 0.660054 151 1.57229
637638141 97.1831 1.9636 71 1.9375
637575661 0 0 139 0
637641197 0 0 277 0
637575665 98.0831 0.775047 313 1.41761
637641201 97.2527 0.856741 364 1.43301
637575669 98.4169 0.641167 379 1.58676
637641205 94.5627 1.10251 423 1.65605
637575673 0 0 305 0
637641209 0 0 313 0
637575677 95.8333 1.82416 120 1.55629
637641213 99.2883 0.501485 281 1.61652
637579757 0 0 22 0
637645293 0 0 87 0
637579761 96.7213 2.28006 61 1.44706
637645297 90.6475 2.46965 139 1.26115
637579765 98.3333 1.16865 120 1.4589
637645301 92.4812 2.28652 133 1.52174
637579769 0 0 38 0
637645305 0 0 145 0
637579773 90.4762 6.40564 21 1.35714
637645309 94.186 2.52336 86 1.59223
