637566989 96.1751 0.430269 1987 1.68345
637632525 96.7921 0.437662 1621 1.93391
637566993 97.5137 0.264747 3459 1.69888
637632529 96.8281 0.323652 2932 2.10675
637566997 95.0429 0.355307 3732 1.91678
637632533 98.5668 0.188472 3977 2.82594
637567001 98.1204 0.23273 3405 2.38668
637632537 94.5312 0.449378 2560 1.85227
637567005 99.3035 0.185502 2010 2.61519
637632541 99.2745 0.208677 1654 2.89444
637567117 93.9633 0.545674 1905 1.72881
637632653 97.0149 0.415805 1675 2.08455
637567121 0 0 3307 0
637632657 0 0 2966 0
637567125 0 0 3488 0
637632661 0 0 3941 0
637567129 96.1061 0.32854 3467 1.87283
637632665 95.6581 0.376823 2925 2.13137
637567133 95.2358 0.472072 2036 1.62137
637632669 95.5737 0.49637 1717 1.8091
637567245 95.6871 0.454936 1994 1.78773
637632781 96.8047 0.427818 1690 2.1413
637567249 0 0 2752 0
637632785 0 0 2348 0
637567253 95.1443 0.403187 2842 1.84268
637632789 95.6809 0.337177 3635 1.95088
637567257 95.7666 0.340539 3496 1.72352
637632793 97.0895 0.318651 2783 2.07982
637567261 95.908 0.424779 2175 1.57863
637632797 97.6966 0.355559 1780 2.03366
637567373 95.9037 0.448498 1953 1.68941
637632909 97.9034 0.36112 1574 2.05701
637567377 96.5053 0.310818 3491 2.02715
637632913 95.8766 0.370112 2886 2.18831
637567381 95.5548 0.371239 3082 1.70342
637632917 94.9459 0.347361 3977 1.79086
637567385 92.8917 0.495721 2687 1.65933
637632921 96.3714 0.369375 2563 1.75825
637567389 96.4231 0.419806 1957 1.66931
637632925 98.8162 0.26997 1605 2.01898
637567501 94.1733 0.522749 2008 1.74129
637633037 98.6178 0.286213 1664 2.35614
637567505 97.0055 0.289208 3473 1.81842
637633041 95.1713 0.387216 3065 1.98144
637567509 0 0 3627 0
637633045 0 0 3985 0
637567513 97.6226 0.262624 3365 1.94872
637633049 94.5397 0.404819 3150 1.94994
637567517 0 0 0 0
637633053 0 0 0 0
637567629 95.9722 0.438433 2011 1.80742
637633165 97.6947 0.374594 1605 2.07235
637567633 95.7625 0.354285 3233 1.84239
637633169 97.0861 0.300973 3123 2.12336
637567637 96.6878 0.303707 3472 2.01536
637633173 95.2902 0.338017 3928 2.13789
637567641 96.008 0.330584 3507 1.80365
637633177 88.6145 0.56884 3118 2.05115
637567645 97.4194 0.353223 2015 1.73339
637633181 93.87 0.59691 1615 1.88621
637567757 0 0 1898 0
637633293 0 0 1791 0
637567761 96.9883 0.292249 3420 1.79618
637633297 97.3134 0.29447 3015 1.95735
637567765 96.9427 0.287007 3598 1.95962
637633301 95.8537 0.319926 3883 1.98352
637567769 0 0 3375 0
637633305 0 0 2890 0
637567773 0 0 2076 0
637633309 0 0 1795 0
637567885 95.0754 0.485058 1990 1.67701
637633421 96.0209 0.499236 1533 1.87848
637567889 0 0 3433 0
637633425 0 0 3059 0
637567893 92.8285 0.437002 3486 1.73251
637633429 93.2644 0.398089 3964 1.83824
637567897 97.3067 0.275496 3453 2.25157
637633433 91.6528 0.505412 2995 1.74077
637567901 93.3427 0.6599 1427 1.61954
637633437 95.2692 0.606317 1226 2.15488
637568013 97.5996 0.345908 1958 1.87324
637633549 98.457 0.300269 1685 2.33589
637568017 96.0396 0.332808 3434 1.79755
637633553 95.899 0.371277 2853 2.03149
637568021 31.3382 0.779418 3542 1.37138
637633557 22.456 0.67667 3803 1.58166
637568025 94.8432 0.384049 3316 1.73878
637633561 96.1066 0.357485 2928 1.99074
637568029 90.1465 0.669956 1979 1.89018
637633565 98.0861 0.335075 1672 2.63595
637568141 95.9821 0.437368 2016 1.66282
637633677 97.9604 0.341226 1716 2.80153
637568145 0 0 3448 0
637633681 0 0 3150 0
637568149 0 0 3607 0
637633685 0 0 3884 0
637568153 96.0761 0.334764 3364 1.71161
637633689 96.9138 0.32573 2819 1.8975
637568157 94.7164 0.492523 2063 1.71141
637633693 96.2286 0.462445 1697 2.113
637568269 77.1003 0.920657 2083 1.77507
637633805 98.0084 0.343215 1657 2.09786
637568273 0 0 3430 0
637633809 0 0 2973 0
637568277 96.0706 0.327854 3512 2.05152
637633813 92.8305 0.421171 3752 1.99144
637568281 95.4923 0.37096 3128 1.85849
637633817 97.3389 0.301156 2856 2.14199
637568285 95.1147 0.481289 2006 2.12567
637633821 98.8794 0.270266 1517 2.56468
637568397 97.02 0.375818 2047 1.78521
637633933 97.0246 0.432126 1546 2.16535
637568401 94.2875 0.404555 3291 1.65317
637633937 96.6268 0.343838 2757 2.17863
637568405 95.124 0.359493 3589 1.84641
637633941 75.7404 0.687895 3883 1.46624
637568409 83.1973 0.649973 3309 1.69337
637633945 97.0037 0.31458 2937 2.0625
637568413 0 0 2084 0
637633949 97.0757 0.42482 1573 2.28493
637569037 94.4569 0.483795 2237 1.58892
637634573 98.1048 0.321931 1794 1.82652
637569041 97.3573 0.289732 3065 1.80967
637634577 97.888 0.263258 2983 1.96074
637569045 84.2943 0.63053 3330 1.4194
637634581 77.6989 0.701616 3520 1.39237
637569049 84.2773 0.656762 3072 1.77454
637634585 97.3842 0.308537 2676 1.87849
637569053 86.1295 0.725294 2271 1.38725
637634589 0 0 1860 0
637569165 95.3176 0.45488 2157 1.8047
637634701 98.832 0.253378 1798 2.15591
637569169 0 0 2946 0
637634705 0 0 3051 0
637569173 0 0 3114 0
637634709 0 0 3502 0
637569177 81.0334 0.702309 3116 1.41262
637634713 90.9459 0.527433 2960 1.61435
637569181 79.2157 0.846997 2295 1.32137
637634717 98.2353 0.304473 1870 1.96759
637569293 96.3758 0.408124 2097 1.72039
637634829 98.6523 0.267719 1855 2.14251
637569297 0 0 2523 0
637634833 0 0 2451 0
637569301 0 0 2590 0
637634837 0 0 3148 0
637569305 76.5056 0.750878 3188 1.38558
637634841 97.6728 0.283108 2836 2.06342
637569309 97.424 0.325549 2368 1.66612
637634845 98.1921 0.302808 1936 1.86547
637569421 84.3675 0.79648 2079 2.26576
637634957 96.4224 0.446156 1733 2.00103
637569425 0 0 3074 0
637634961 93.8134 0.442955 2958 1.69985
637569429 95.2347 0.40324 2791 1.67851
637634965 95.6584 0.345558 3478 1.76162
637569433 95.5152 0.416028 2475 1.52783
637634969 96.423 0.366196 2572 1.75982
637569437 0 0 2068 0
637634973 0 0 1759 0
637569549 96.2326 0.410644 2150 1.69876
637635085 96.0599 0.458295 1802 1.88375
637569553 97.023 0.304066 3124 1.91624
637635089 94.1672 0.421881 3086 2.11401
637569557 0 0 3167 0
637635093 0 0 3492 0
637569561 0 0 3026 0
637635097 0 0 3197 0
637569565 0 0 0 0
637635101 0 0 0 0
637569677 99.2534 0.185956 2143 2.02523
637635213 95.5668 0.487595 1782 2.11744
637569681 96.1777 0.355797 2904 1.7011
637635217 97.7229 0.267148 3118 2.00975
637569685 0 0 3088 0
637635221 0 0 3434 0
637569689 96.9862 0.306128 3119 2.1347
637635225 99.092 0.167835 3194 2.84205
637569693 96.7877 0.380452 2148 1.68841
637635229 96.5251 0.430123 1813 1.83317
637569805 97.7382 0.326163 2078 1.4909
637635341 94.7509 0.516132 1867 1.94039
637569809 96.4768 0.334548 3037 1.73321
637635345 98.016 0.249456 3125 1.76992
637569813 98.3643 0.224973 3179 2.71673
637635349 94.6243 0.383426 3460 1.91013
637569817 95.6192 0.371447 3036 1.76203
637635353 97.5017 0.284856 3002 1.80819
637569821 0 0 2219 0
637635357 0 0 1921 0
637569933 0 0 2177 0
637635469 0 0 1747 0
637569937 0 0 3026 0
637635473 0 0 3082 0
637569941 96.8942 0.312022 3091 1.84618
637635477 95.7147 0.343461 3477 1.97844
637569945 95.8199 0.358872 3110 1.93986
637635481 97.9133 0.258105 3067 2.02252
637569949 89.9774 0.824369 1327 1.90775
637635485 96.7626 0.474728 1390 1.81173
637570061 0 0 2087 0
637635597 0 0 1856 0
637570065 96.649 0.327805 3014 1.81751
637635601 97.6459 0.28005 2931 2.05811
637570069 19.1469 0.709998 3071 1.32727
637635605 24.1635 0.736637 3377 1.50728
637570073 93.6934 0.445217 2981 1.44551
637635609 98.2824 0.240813 2911 1.81035
637570077 78.8252 0.889197 2111 1.27944
637635613 99.068 0.224992 1824 2.55891
637570189 89.2776 0.659488 2201 1.43343
637635725 97.5477 0.361059 1835 1.84623
637570193 0 0 3061 0
637635729 0 0 3152 0
637570197 0 0 3162 0
637635733 0 0 3431 0
637570201 76.2941 0.772214 3033 1.3134
637635737 81.5468 0.714456 2948 1.47726
637570205 95.2821 0.455985 2162 1.59246
637635741 97.0901 0.397617 1787 1.73577
637570317 93.431 0.521933 2253 1.85194
637635853 98.0572 0.320638 1853 1.96291
637570321 0 0 3083 0
637635857 0 0 3008 0
637570325 96.5262 0.328408 3109 1.80082
637635861 94.6418 0.394044 3266 1.90178
637570329 89.3548 0.583893 2790 2.35785
637635865 99.3812 0.145393 2909 2.69661
637570333 90.6599 0.627283 2152 1.3906
637635869 97.3655 0.37919 1784 1.86343
637570445 95.5267 0.453366 2079 1.71348
637635981 84.9616 0.83741 1822 1.43671
637570449 95.938 0.366261 2905 1.7679
637635985 92.9939 0.485071 2769 1.87061
637570453 96.0784 0.342442 3213 1.5641
637635989 96.9141 0.295066 3435 1.86542
637570457 97.8055 0.269187 2962 1.79318
637635993 98.1591 0.243725 3042 1.85134
637570461 94.2524 0.493209 2227 1.62344
637635997 0 0 1808 0
637567021 0 0 3037 0
637632557 0 0 1359 0
637567025 0 0 2015 0
637599793 0 0 1867 0
637632561 0 0 1657 0
637567029 98.411 0.287793 1888 1.83469
637599797 95.7368 0.434892 2158 1.65941
637632565 98.1349 0.295863 2091 1.80051
637567033 82.8842 0.841367 2004 1.31305
637599801 97.6242 0.353887 1852 1.85072
637632569 96.6624 0.455054 1558 1.91258
637567037 96.8208 0.314401 3114 1.60631
637632573 96.7366 0.495269 1287 1.66837
637567149 97.9754 0.256581 3013 1.61319
637632685 94.3586 0.641384 1294 1.57727
637567153 97.2688 0.356781 2087 1.64349
637599921 97.7559 0.346517 1827 1.97242
637632689 98.0392 0.343206 1632 2.0659
637567157 95.6264 0.475215 1852 1.57106
637599925 97.2089 0.361344 2078 1.81229
637632693 97.3574 0.34536 2157 1.79898
637567161 93.4858 0.550296 2011 1.68407
637599929 95.8511 0.459926 1880 1.64955
637632697 98.2088 0.32963 1619 1.91644
637567165 97.1072 0.303884 3042 1.70438
637632701 97.69 0.410066 1342 1.91967
637567277 98.0263 0.252274 3040 1.92773
637632813 89.1873 0.825545 1415 2.12174
637567281 97.7159 0.399135 1401 1.50325
637600049 95.1482 0.498859 1855 1.64051
637632817 96.6958 0.557221 1029 1.68717
637567285 90.4993 0.772178 1442 2.35282
637600053 98.8072 0.242032 2012 2.61575
637632821 91.1987 0.658335 1852 2.33299
637567289 97.67 0.328957 2103 1.80995
637600057 98.7901 0.250749 1901 2.0486
637632825 92.8109 0.657376 1544 1.8728
637567293 95.2848 0.370899 3266 1.51222
637632829 33.4725 1.24485 1437 1.83365
637567405 0.0367782 0.0367715 2719 7
637632941 0 0 1427 0
637567409 87.7451 0.726024 2040 1.40737
637600177 96.4758 0.432697 1816 1.84362
637632945 97.3468 0.403928 1583 2.1352
637567413 97.2253 0.386919 1802 1.65463
637600181 96.9711 0.367143 2179 1.62178
637632949 33.7094 1.02499 2127 1.83241
637567417 95.3092 0.563696 1407 1.55317
637600185 98.2419 0.303348 1877 2.32291
637632953 98.9991 0.300272 1099 2.40159
637567421 95.1122 0.394511 2987 1.64569
637632957 98.0466 0.379337 1331 1.84535
637567533 92.9152 0.462534 3077 1.491
637633069 97.6678 0.401214 1415 1.91843
637567537 96.5903 0.409394 1965 1.53238
637600305 97.9978 0.325842 1848 1.66922
637633073 97.0309 0.413617 1684 1.78892
637567541 95.3439 0.484647 1890 1.45721
637600309 96.0113 0.423923 2131 1.6512
637633077 52.9062 1.06785 2185 1.48506
637567545 98.7303 0.252319 1969 1.77124
637600313 97.5637 0.366973 1765 1.85998
637633081 96.2877 0.455342 1724 1.839
637567549 0 0 3007 0
637633085 0 0 1478 0
637567661 0 0 2299 0
637633197 0 0 1167 0
637567665 78.6121 0.93312 1931 1.44021
637600433 80.9281 0.934605 1767 1.53428
637633201 89.2947 0.775866 1588 1.54675
637567669 0 0 1790 0
637600437 0 0 2125 0
637633205 0 0 2082 0
637567673 98.003 0.312586 2003 1.71889
637600441 97.6077 0.352338 1881 1.96318
637633209 95.2842 0.521221 1654 1.83241
637567677 96.7709 0.3242 2973 1.67418
637633213 96.3457 0.497408 1423 1.66489
637567789 98.3344 0.233575 3002 1.90053
637633325 82.446 1.02039 1390 1.62989
637567793 74.9355 0.984202 1939 1.24195
637600561 79.4069 0.947621 1821 1.32244
637633329 71.6399 1.11919 1622 1.48789
637567797 0 0 1845 0
637600565 0 0 2095 0
637633333 0 0 2104 0
637567801 97.311 0.364361 1971 1.52936
637600569 96.3351 0.42994 1910 1.76073
637633337 97.6406 0.457215 1102 1.81865
637567805 96.2434 0.346694 3008 1.58939
637633341 97.0085 0.454635 1404 1.91374
637567917 97.2352 0.299254 3002 1.80269
637633453 96.3045 0.512874 1353 1.99367
637567921 95.6219 0.456377 2010 1.64671
637600689 97.2497 0.383562 1818 1.73367
637633457 96.863 0.441058 1562 1.9082
637567925 97.4055 0.377539 1773 1.71156
637600693 96.3998 0.405468 2111 2.02762
637633461 97.4576 0.341547 2124 1.94598
637567929 96.8524 0.396612 1938 1.61776
637600697 96.9813 0.400845 1822 1.78864
637633465 97.6589 0.391065 1495 1.6479
637567933 0 0 2843 0
637633469 0 0 1348 0
637568045 99.2927 0.153801 2969 2.02308
637633581 97.9856 0.37683 1390 2.19073
637568049 95.987 0.457047 1844 1.44605
637600817 95.715 0.46015 1937 1.74504
637633585 97.2629 0.411653 1571 1.875
637568053 22.3796 0.992069 1765 1.32149
637600821 28.2556 0.986985 2081 1.5035
637633589 29.8818 0.995322 2115 1.4128
637568057 86.0253 0.78019 1975 1.40039
637600825 97.3133 0.374822 1861 1.71994
637633593 98.1634 0.337903 1579 1.74434
637568061 97.2982 0.301754 2887 1.53975
637633597 97.3605 0.440233 1326 2.26743
637568173 98.2211 0.235593 3148 1.69623
637633709 98.0043 0.373374 1403 1.76565
637568177 97.7169 0.336437 1971 1.61427
637600945 96.4995 0.420105 1914 1.56126
637633713 97.4534 0.392613 1610 1.65875
637568181 95.383 0.480678 1906 1.56591
637600949 95.2712 0.457015 2157 1.58481
637633717 90.4784 0.638826 2111 1.64966
637568185 96.2494 0.427748 1973 1.56187
637600953 96.7777 0.412691 1831 1.6324
637633721 97.335 0.396382 1651 1.67857
637568189 96.7051 0.324016 3035 1.79007
637633725 98.6667 0.312167 1350 2.1049
637568301 95.6467 0.362423 3170 1.63166
637633837 98.0701 0.367818 1399 2.12517
637568305 48.9736 1.10516 2046 1.19969
637601073 85.5057 0.803843 1918 1.40457
637633841 87.4529 0.829686 1594 1.3218
637568309 71.3379 1.03984 1891 1.21591
637601077 76.5155 0.956764 1963 1.35067
637633845 87.5605 0.72609 2066 1.57527
637568313 95.9639 0.453534 1883 1.50876
637601081 97.4466 0.384393 1684 1.58099
637633849 95.1602 0.548828 1529 1.7914
637568317 98.2325 0.242933 2942 1.62618
637633853 96.2934 0.524988 1295 1.85787
637568429 92.4091 0.474999 3109 1.53356
637633965 98.4658 0.324567 1434 2.21232
637568433 95.7261 0.458992 1942 1.60095
637601201 97.4487 0.37134 1803 1.88966
637633969 97.011 0.434061 1539 1.80456
637568437 95.9622 0.450759 1907 1.55357
637601205 96.1769 0.411543 2171 1.69208
637633973 97.9671 0.31048 2066 1.78868
637568441 96.3136 0.429355 1926 1.40609
637601209 94.6371 0.524344 1846 1.64052
637633977 79.6904 1.00108 1615 1.91032
637568445 98.3698 0.23585 2883 1.71269
637633981 96.7064 0.472446 1427 1.73677
637569069 0 0 1444 0
637601837 0 0 1909 0
637634605 0 0 993 0
637569073 0 0 2950 0
637634609 0 0 2834 0
637569077 98.8744 0.197852 2843 2.169
637634613 98.1397 0.244102 3064 2.15066
637569081 96.1235 0.357532 2915 1.48489
637634617 98.294 0.246712 2755 1.88492
637569085 98.4828 0.321014 1450 1.54389
637601853 80.9863 0.884784 1967 1.88291
637634621 99.1425 0.301851 933 1.70158
637569197 98.7543 0.291774 1445 1.84776
637601965 95.9892 0.456805 1845 2.13811
637634733 98.6301 0.37732 949 1.99298
637569201 96.6867 0.327432 2988 1.54309
637634737 96.2829 0.359382 2771 1.65801
637569205 96.4415 0.353005 2754 1.61566
637634741 96.7077 0.325398 3007 1.76555
637569209 96.8579 0.322397 2928 2.03246
637634745 93.4853 0.469491 2763 1.63648
637569213 97.9296 0.374067 1449 1.70314
637601981 97.4856 0.358331 1909 1.71208
637634749 98.444 0.398624 964 1.93495
637569325 96.4059 0.494145 1419 1.59018
637602093 88.662 0.73496 1861 1.97639
637634861 97.4824 0.497146 993 1.94408
637569329 95.9158 0.402004 2424 1.48614
637634865 97.0341 0.35693 2259 1.61303
637569333 97.6375 0.306528 2455 1.95177
637634869 90.6672 0.555417 2743 1.534
637569337 0 0 2974 0
637634873 0 0 2684 0
637569341 81.2323 1.03909 1412 1.53384
637602109 97.7643 0.319064 2147 1.91514
637634877 95.9526 0.619171 1013 1.98744
637569453 0 0 1304 0
637602221 0 0 1671 0
637634989 0 0 957 0
637569457 0 0 2993 0
637634993 97.3194 0.311645 2686 2.27376
637569461 0 0 2806 0
637634997 0 0 3136 0
637569465 96.1173 0.392618 2421 1.41236
637635001 94.8238 0.462055 2299 1.51329
637569469 0 0 1464 0
637602237 0.0542888 0.0542741 1842 1
637635005 0 0 922 0
637569581 96.3407 0.484314 1503 1.60012
637602349 97.488 0.361785 1871 1.93437
637635117 99.1803 0.288608 976 1.91514
637569585 97.1094 0.310795 2906 1.59061
637635121 97.4643 0.297094 2800 1.81501
637569589 98.8174 0.201613 2875 2.12178
637635125 97.6722 0.269259 3136 2.03083
637569593 95.9652 0.366985 2875 1.55589
637635129 0 0 2744 0
637569597 93.9007 0.63733 1410 1.50768
637602365 96.9367 0.392657 1926 1.73108
637635133 97.6879 0.466475 1038 1.85339
637569709 97.3592 0.475741 1136 1.61617
637602477 96.4628 0.501442 1357 1.83302
637635245 98.9011 0.364282 819 1.78343
637569713 95.9886 0.369711 2817 1.59588
637635249 95.8775 0.386643 2644 1.733
637569717 94.8473 0.424118 2717 1.92942
637635253 96.2419 0.351525 2927 1.56364
637569721 96.772 0.327527 2912 1.62808
637635257 96.3695 0.354628 2782 1.80995
637569725 97.5052 0.410581 1443 1.76561
637602493 95.7089 0.472319 1841 1.65575
637635261 89.5477 0.969886 995 1.7482
637569837 97.0887 0.43746 1477 1.59743
637602605 97.5315 0.355594 1904 1.66411
637635373 96.1538 0.611812 988 1.67149
637569841 0 0 2940 0
637635377 0 0 2782 0
637569845 97.777 0.276942 2834 1.81943
637635381 92.4975 0.477861 3039 1.71897
637569849 94.7259 0.416353 2882 1.578
637635385 97.988 0.290511 2336 1.81677
637569853 95.4514 0.54701 1451 1.4149
637602621 97.8655 0.333868 1874 1.76665
637635389 97.7583 0.462161 1026 1.66295
637569965 96.3881 0.496549 1412 1.53063
637602733 96.5445 0.417929 1910 1.76357
637635501 97.5435 0.495234 977 1.86441
637569969 93.7306 0.449914 2903 1.64456
637635505 97.4164 0.309232 2632 1.9158
637569973 0 0 2727 0
637635509 0 0 3061 0
637569977 95.3268 0.395638 2846 1.69643
637635513 88.4586 0.622574 2634 1.77377
637569981 96.9675 0.460774 1385 1.6077
637602749 83.6056 0.878751 1775 1.31134
637635517 98.0493 0.443139 974 1.67921
637570093 98.7735 0.295652 1386 1.73243
637602861 98.2096 0.304293 1899 1.81404
637635629 96.3257 0.592847 1007 1.70976
637570097 96.1312 0.370183 2714 1.55877
637635633 95.2155 0.407902 2738 1.62071
637570101 19.0613 0.743488 2791 1.16851
637635637 19.0146 0.713601 3024 1.36903
637570105 87.3378 0.622813 2851 1.71224
637635641 98.5983 0.225786 2711 2.04517
637570109 97.1228 0.442831 1425 1.55172
637602877 96.7973 0.41374 1811 1.61226
637635645 98.9236 0.338559 929 1.6786
637570221 98.1181 0.346155 1541 1.63889
637602989 96.485 0.415656 1963 1.86161
637635757 98.6708 0.366207 978 1.87654
637570225 95.3448 0.391217 2900 1.74228
637635761 97.9856 0.266459 2780 2.00947
637570229 95.3086 0.397136 2835 1.58276
637635765 95.1058 0.392331 3024 1.83254
637570233 97.2696 0.301069 2930 1.65043
637635769 95.8608 0.381239 2730 1.70951
637570237 96.9945 0.44623 1464 1.59649
637603005 97.4372 0.361387 1912 1.57636
637635773 91.7823 0.897192 937 1.75489
637570349 97.5195 0.41405 1411 1.52442
637603117 97.7679 0.329013 2016 1.75826
637635885 97.6386 0.486537 974 1.69576
637570353 96.7568 0.3256 2960 1.59378
637635889 97.2172 0.312686 2767 1.84615
637570357 94.4424 0.439524 2717 1.5825
637635893 93.0879 0.47275 2879 1.68085
637570361 97.7745 0.281753 2741 1.86463
637635897 89.9574 0.591857 2579 1.7116
637570365 97.6087 0.411265 1380 1.60566
637603133 96.4796 0.432229 1818 1.64453
637635901 97.0842 0.552898 926 1.7061
637570477 96.687 0.465386 1479 1.50591
637603245 97.1881 0.373783 1956 1.70459
637636013 97.9249 0.448101 1012 1.76948
637570481 92.9923 0.477842 2854 1.68049
637636017 82.6697 0.737091 2637 1.50254
637570485 95.5679 0.382969 2888 1.69422
637636021 95.9016 0.358978 3050 1.70124
637570489 0 0 2846 0
637636025 95.0128 0.416846 2727 1.63294
637570493 98.0641 0.355994 1498 1.85723
637603261 98.2252 0.31095 1803 1.86003
637636029 90.8649 0.898146 1029 1.47557
637567053 96.6929 0.501786 1270 1.58603
637632589 97.5089 0.464874 1124 1.75548
637567057 96.996 0.479931 1265 1.57706
637632593 81.5789 1.18844 1064 1.37207
637567061 97.9475 0.406274 1218 1.47743
637632597 97.2335 0.467838 1229 1.55437
637567065 90.0335 0.866904 1194 1.58847
637632601 97.8199 0.449599 1055 1.83557
637567069 0 0 1196 0
637632605 0 0 1191 0
637567181 91.7582 0.770456 1274 1.41807
637632717 95.4145 0.621149 1134 1.50959
637567185 0 0 1240 0
637632721 0 0 1050 0
637567189 98.1148 0.398114 1167 1.51902
637632725 74.2742 1.24135 1240 1.44623
637567193 97.9658 0.402676 1229 1.49721
637632729 97.0335 0.524838 1045 1.59842
637567197 99.1748 0.247781 1333 1.67042
637632733 96.5797 0.545281 1111 1.43909
637567309 95.9904 0.555562 1247 1.47886
637632845 97.007 0.505548 1136 1.44735
637567313 0 0 964 0
637632849 0 0 896 0
637567317 97.5403 0.451104 1179 1.84385
637632853 60.2372 1.37602 1265 1.48837
637567321 97.7636 0.417891 1252 1.45951
637632857 96.432 0.576013 1037 1.63016
637567325 97.3639 0.467168 1176 1.47869
637632861 97 0.51434 1100 1.42723
637567437 98.241 0.389853 1137 1.54339
637632973 93.667 0.778407 979 1.58381
637567441 0 0 1276 0
637632977 0 0 1062 0
637567445 0 0 1160 0
637632981 0 0 1298 0
637567449 96.9072 0.555862 970 1.36654
637632985 97.0696 0.589336 819 1.56941
637567453 88.3589 0.911878 1237 1.2623
637632989 98.4549 0.361351 1165 1.73655
637567565 84.2148 1.04002 1229 1.19147
637633101 96.8806 0.51899 1122 1.5737
637567569 0 0 1204 0
637633105 0 0 1032 0
637567573 0 0 1221 0
637633109 0 0 1252 0
637567577 95.777 0.584472 1184 1.41537
637633113 98.7879 0.347782 990 2.38355
637567581 96.6427 0.509274 1251 1.5331
637633117 97.6253 0.451547 1137 1.71522
637567693 0 0 1265 0
637633229 0 0 1167 0
637567697 0 0 1143 0
637633233 0 0 975 0
637567701 0 0 1115 0
637633237 0 0 1183 0
637567705 97.4895 0.452555 1195 1.67101
637633241 93.457 0.772758 1024 1.67871
637567709 0 0 1228 0
637633245 0 0 1056 0
637567821 80.988 1.07355 1336 1.63563
637633357 78.3595 1.21643 1146 1.4794
637567825 97.5894 0.442216 1203 1.55893
637633361 98.3501 0.385655 1091 1.625
637567829 98.3416 0.367736 1206 1.60481
637633365 96.9747 0.489783 1223 1.68524
637567833 96.6808 0.522594 1175 1.55948
637633369 96.4319 0.568398 1065 1.52078
637567837 98.1194 0.388432 1223 1.53914
637633373 95.386 0.624914 1127 1.69958
637567949 85.2354 1.00218 1253 1.27219
637633485 96.9271 0.511367 1139 1.7841
637567953 97.239 0.481295 1159 1.45088
637633489 96.4567 0.579994 1016 1.67636
637567957 0 0 1204 0
637633493 0 0 1327 0
637567961 98.3884 0.35745 1241 1.92546
637633497 86.755 1.04264 1057 1.63654
637567965 98.4177 0.350998 1264 1.76269
637633501 94.7469 0.689473 1047 1.62192
637568077 98.9194 0.29809 1203 1.7997
637633613 99.3849 0.231775 1138 2.10314
637568081 0 0 1100 0
637633617 0 0 1042 0
637568085 22.5691 1.24857 1121 1.52083
637633621 22.3222 1.1907 1223 1.4475
637568089 98.0769 0.415595 1092 1.60463
637633625 66.356 1.44243 1073 1.71739
637568093 0 0 1214 0
637633629 0 0 1035 0
637568205 0 0 1339 0
637633741 0 0 1210 0
637568209 0 0 1152 0
637633745 0 0 1049 0
637568213 93.1235 0.728385 1207 1.56739
637633749 82.4293 1.05188 1309 1.53884
637568217 94.785 0.672492 1093 1.62627
637633753 97.732 0.478033 970 1.61101
637568221 96.6612 0.512648 1228 1.49083
637633757 98.1563 0.398607 1139 1.57293
637568333 0 0 1178 0
637633869 0 0 1204 0
637568337 0 0 1168 0
637633873 0 0 1067 0
637568341 0 0 1107 0
637633877 0 0 1205 0
637568345 92.7798 0.777556 1108 1.5021
637633881 96.792 0.586071 904 1.67668
637568349 0 0 1167 0
637633885 0 0 1080 0
637568461 99.3543 0.227544 1239 2.27092
637633997 99.2964 0.247885 1137 2.55004
637568465 95.4701 0.607975 1170 1.39909
637634001 97.9472 0.443333 1023 1.51482
637568469 0 0 1189 0
637634005 0 0 1248 0
637568473 93.7347 0.691264 1229 1.40939
637634009 96.7136 0.546296 1065 1.76378
637568477 0 0 1323 0
637634013 0 0 1065 0
637571149 97.2663 0.484227 1134 1.59273
637636685 98.5787 0.377155 985 1.69904
637571153 96.73 0.490444 1315 1.40449
637636689 93.416 0.76608 1048 1.63717
637571157 96.7512 0.499069 1262 1.62472
637636693 98.2696 0.350138 1387 1.76844
637571161 97.9969 0.388882 1298 1.49834
637636697 98.2676 0.404786 1039 1.97148
637571165 96.7943 0.52565 1123 1.66438
637636701 97.6494 0.474148 1021 2.04886
637571277 91.113 0.820078 1204 1.40242
637636813 96.6443 0.557619 1043 1.39966
637571281 0 0 1311 0
637636817 0 0 1044 0
637571285 0 0 1185 0
637636821 0 0 1276 0
637571289 85.4264 0.982393 1290 1.29864
637636825 60.5634 1.49755 1065 1.15553
637571293 96.1818 0.577801 1100 1.41099
637636829 98.6166 0.367163 1012 1.56136
637571405 0 0 1176 0
637636941 0 0 989 0
637571409 0 0 1105 0
637636945 0 0 876 0
637571413 97.9575 0.404304 1224 1.62473
637636949 98.1577 0.36505 1357 1.72889
637571417 97.8602 0.38647 1402 1.61576
637636953 96.7033 0.540318 1092 1.56482
637571421 93.1947 0.774241 1058 1.58221
637636957 99.2188 0.259397 1152 2.11079
637571533 99.1402 0.270735 1163 1.78623
637637069 99.0615 0.311354 959 2.0752
637571537 0 0 1355 0
637637073 0 0 1104 0
637571541 0 0 1320 0
637637077 0 0 1413 0
637571545 96.2783 0.538424 1236 1.28044
637637081 97.0556 0.558243 917 1.56135
637571549 95.7377 0.57834 1220 1.46439
637637085 97.8895 0.455674 995 1.53433
637571661 95.382 0.608139 1191 1.59515
637637197 98.8397 0.347819 948 1.84032
637571665 0 0 1236 0
637637201 0 0 1101 0
637571669 0 0 1224 0
637637205 0 0 1404 0
637571673 98.0725 0.381772 1297 1.51432
637637209 99.2754 0.255268 1104 1.78155
637571677 96.282 0.526583 1291 1.56318
637637213 97.9296 0.458136 966 1.69442
637571789 0 0 1255 0
637637325 0 0 1034 0
637571793 0 0 1333 0
637637329 0 0 1034 0
637571797 0 0 1226 0
637637333 0 0 1355 0
637571801 97.1103 0.461954 1315 1.45485
637637337 93.9781 0.718579 1096 1.61774
637571805 97.1405 0.476379 1224 1.5007
637637341 98.3871 0.399961 992 1.54418
637571917 92.9302 0.748082 1174 1.9185
637637453 98.7288 0.36462 944 2.32961
637571921 96.112 0.539055 1286 1.40121
637637457 98.5876 0.362103 1062 1.73676
637571925 96.6534 0.507679 1255 1.78852
637637461 98.6842 0.308088 1368 2.0745
637571929 0 0 1294 0
637637465 0 0 1129 0
637571933 98.0831 0.387524 1252 1.59122
637637469 99.1886 0.285692 986 2.0078
637572045 0 0 1289 0
637637581 0 0 951 0
637572049 84.2544 1.00213 1321 1.3031
637637585 97.9817 0.425949 1090 1.63913
637572053 0 0 1249 0
637637589 0 0 1411 0
637572057 0 0 1257 0
637637593 0 0 1119 0
637572061 98.5395 0.351622 1164 1.72439
637637597 98.8121 0.356033 926 1.75732
637572173 96.3956 0.566674 1082 1.58857
637637709 94.6316 0.731273 950 1.96436
637572177 0 0 543 0
637637713 0 0 548 0
637572181 18.1664 1.12338 1178 1.375
637637717 20.5187 1.11534 1311 1.50442
637572185 84.858 1.00665 1268 1.62204
637637721 98.7039 0.357139 1003 1.70976
637572189 96.3989 0.566161 1083 1.4168
637637725 99.1285 0.306762 918 1.55349
637572301 0 0 1333 0
637637837 0 0 1049 0
637572305 0 0 1221 0
637637841 0 0 1129 0
637572309 95.4545 0.588218 1254 1.53086
637637845 96.4528 0.508148 1325 1.75204
637572313 96.9048 0.487904 1260 1.62613
637637849 97.6215 0.490016 967 1.87751
637572317 0 0 1155 0
637637853 0 0 972 0
637572429 96.7848 0.506495 1213 1.64037
637637965 97.3922 0.504723 997 1.75608
637572433 58.0495 1.37289 1292 1.34536
637637969 88.2687 0.989781 1057 2.23478
637572437 0 0 1199 0
637637973 0 0 1181 0
637572441 97.1797 0.469948 1241 1.62019
637637977 96.4519 0.565272 1071 1.84676
637572445 94.5872 0.685355 1090 1.40496
637637981 99.3946 0.246424 991 2.3508
637572557 97.8552 0.433079 1119 1.70938
637638093 97.2603 0.510618 1022 1.82538
637572561 0 0 1268 0
637638097 0 0 1041 0
637572565 0 0 1244 0
637638101 0 0 1398 0
637572569 97.5728 0.43773 1236 1.57193
637638105 93.4803 0.748103 1089 1.66031
637572573 0 0 1145 0
637638109 0 0 947 0
637567085 92.8571 6.88303 14 1.93333
637632621 100 0 7 1.625
637567089 0 0 466 0
637632625 0 0 772 0
637567093 0 0 656 0
637632629 0 0 756 0
637567097 89.3112 1.50583 421 1.41611
637632633 51.7568 1.8369 740 1.24449
637567101 100 0 10 1.63636
637632637 100 0 4 1.625
637567213 100 0 14 1.5625
637632749 100 0 5 1
637567217 0 0 471 0
637632753 0 0 721 0
637567221 98.6938 0.432561 689 1.51842
637632757 94.5985 0.86368 685 1.67432
637567225 96.4286 0.876768 448 1.38878
637632761 96.0835 0.7009 766 1.72073
637567229 95.6522 4.25226 23 1.875
637632765 90 9.48683 10 1.77778
637567341 100 0 136 1.80435
637632877 80.5556 1.43941 756 1.63343
637567345 0 0 429 0
637632881 0 0 624 0
637567349 98.3949 0.503498 623 1.66856
637632885 96.8536 0.645661 731 1.56899
637567353 97.065 0.772817 477 1.47318
637632889 96.8586 0.631076 764 1.58406
637567357 88.8889 2.90542 117 1.66906
637632893 91.4157 1.08713 664 1.54506
637567469 0 0 23 0
637633005 0 0 388 0
637567473 0 0 179 0
637633009 0 0 570 0
637567477 97.4478 0.759635 431 1.43653
637633013 97.7178 0.6802 482 1.53175
637567481 0 0 220 0
637633017 0 0 437 0
637567485 96.875 3.07578 32 1.5
637633021 98.4085 0.644541 377 1.35156
637567597 98.9899 0.502494 396 1.58747
637633133 98.3759 0.430528 862 1.8488
637567601 87.9863 1.09974 874 1.24393
637633137 81.3155 1.20348 1049 1.39729
637567605 96.5302 0.545881 1124 1.38353
637633141 94.0828 0.685993 1183 1.47002
637567609 95.9379 0.682353 837 1.49777
637633145 96.4179 0.586225 1005 1.57668
637567613 94.9881 1.06593 419 1.39715
637633149 95.1821 0.734074 851 1.66
637567725 95.5975 1.15043 318 1.49555
637633261 83.6066 2.73672 183 2.01622
637567729 90.9091 0.987792 847 1.52308
637633265 91.1565 0.885114 1029 1.82133
637567733 97.2371 0.489333 1122 1.47537
637633269 96.8333 0.505502 1200 1.5806
637567737 95.2116 0.712529 898 1.63636
637633273 99.115 0.278607 1130 1.96414
637567741 95.3704 1.16737 324 1.54366
637633277 96.6667 1.33796 180 2.02101
637567853 0 0 12 0
637633389 0 0 1 0
637567857 98.2249 0.454255 845 1.66887
637633393 97.9279 0.427557 1110 1.53789
637567861 0 0 1174 0
637633397 0 0 1227 0
637567865 98.556 0.413838 831 2.18696
637633401 93.8409 0.70315 1169 1.88163
637567869 100 0 8 1.375
637633405 100 0 8 1.54545
637567981 79.7203 2.37756 286 1.23346
637633517 92.6175 2.14218 149 1.58286
637567985 95.4816 0.716235 841 1.45582
637633521 97.3779 0.480479 1106 1.66061
637567989 97.6943 0.438591 1171 1.74943
637633525 93.7316 0.658253 1356 1.80427
637567993 97.4448 0.537759 861 1.57553
637633529 95.5459 0.609657 1145 1.66045
637567997 97.2136 0.915762 323 1.60224
637633533 98.4 1.12228 125 2.20833
637568109 96.2751 1.01369 349 1.49169
637633645 95.5367 0.673163 941 1.55727
637568113 95.7711 0.709742 804 1.57279
637633649 96.0366 0.62195 984 1.64962
637568117 11.2467 0.932875 1147 1.26263
637633653 12.6693 0.938941 1255 1.53548
637568121 96.608 0.641616 796 1.67211
637633657 98.0627 0.418632 1084 1.68905
637568125 94.5087 1.22472 346 1.66667
637633661 97.957 0.463886 930 1.78848
637568237 96.3526 1.03354 329 1.49869
637633773 98.0392 0.404824 1173 1.71303
637568241 87.6387 1.31029 631 1.5418
637633777 91.9496 0.847335 1031 1.55705
637568245 96.1673 0.566628 1148 1.48157
637633781 97.4131 0.45135 1237 1.56977
637568249 0 0 816 0
637633785 0 0 1103 0
637568253 83.2237 2.14306 304 1.60645
637633789 97.9401 0.434631 1068 1.67518
637568365 97.043 0.878285 372 1.46452
637633901 96.4516 0.606637 930 1.77778
637568369 97.401 0.559732 808 1.62322
637633905 93.8005 0.722823 1113 1.67194
637568373 88.0464 0.968953 1121 1.46929
637633909 94.9293 0.632557 1203 1.4973
637568377 94.1558 0.845355 770 1.46145
637633913 97.7473 0.464398 1021 1.65761
637568381 97.561 0.803032 369 1.94248
637633917 81.8792 1.28827 894 1.62777
637568493 95.4887 1.7997 133 1.49432
637634029 99.3651 0.316451 630 1.59586
637568497 0 0 428 0
637634033 0 0 555 0
637568501 99.1919 0.402404 495 2.43686
637634037 91.8033 1.17075 549 1.65511
637568505 96.5358 0.878824 433 1.40289
637634041 97.6744 0.637456 559 1.54058
637568509 92.7536 2.20692 138 1.37888
637634045 85.5196 1.45246 587 1.45085
637571181 100 0 8 1.625
637636717 50 35.3553 2 3
637571185 0 0 809 0
637636721 0 0 1145 0
637571189 98.6971 0.323604 1228 1.63193
637636725 96.1415 0.546079 1244 1.74521
637571193 98.2599 0.445376 862 1.62286
637636729 95.3654 0.627631 1122 1.64304
637571197 0 0 11 0
637636733 100 0 4 1.5
637571309 95.8599 1.12424 314 1.40058
637636845 98.7879 0.851888 165 2.14721
637571313 0 0 870 0
637636849 0 0 1133 0
637571317 82.7939 1.10156 1174 1.57963
637636853 96.4898 0.525822 1225 1.7521
637571321 96.7404 0.605884 859 1.48216
637636857 94.5035 0.678595 1128 1.50915
637571325 96.0114 1.04452 351 1.49311
637636861 94.5946 1.6625 185 1.57456
637571437 97.1204 0.855635 382 1.53776
637636973 97.907 0.48814 860 1.70226
637571441 0 0 540 0
637636977 0 0 1005 0
637571445 97.5859 0.467697 1077 1.45848
637636981 96.3918 0.546627 1164 1.59511
637571449 97.2603 0.55153 876 1.40998
637636985 96.3788 0.569256 1077 1.52885
637571453 96.0674 1.03015 356 1.57946
637636989 96.2103 0.667634 818 1.71812
637571565 0 0 254 0
637637101 0 0 701 0
637571569 0 0 599 0
637637105 0 0 807 0
637571573 96.1021 0.709566 744 1.50514
637637109 98.467 0.421911 848 1.44375
637571577 0 0 539 0
637637113 0 0 682 0
637571581 96.4158 1.11294 279 1.4893
637637117 96.9231 0.645831 715 1.61769
637571693 0 0 213 0
637637229 0 0 660 0
637571697 83.3333 1.73386 462 1.13363
637637233 0.37594 0.216641 798 2.04651
637571701 97.6366 0.583818 677 1.48253
637637237 95.6522 0.718763 805 1.38046
637571705 98.0477 0.644376 461 1.5214
637637241 96.1111 0.720499 720 1.78452
637571709 97.3451 1.06936 226 1.59341
637637245 98.1534 0.507402 704 1.65733
637571821 94.1176 5.70672 17 1.95
637637357 100 0 6 1.14286
637571825 99.2565 0.370363 538 1.5231
637637361 96.4824 0.652965 796 1.70188
637571829 97.2303 0.626547 686 1.63257
637637365 94.8119 0.798743 771 1.56992
637571833 97.2816 0.716592 515 1.57014
637637369 97.0745 0.614534 752 1.62754
637571837 87.0968 6.02101 31 1.34483
637637373 88.8889 10.4757 9 1.44444
637571949 0 0 14 0
637637485 0 0 5 0
637571953 95.842 0.910223 481 1.43925
637637489 96.9657 0.623022 758 1.57057
637571957 0 0 735 0
637637493 0 0 821 0
637571961 95.6879 0.920469 487 1.39354
637637497 96.1929 0.68172 788 1.70328
637571965 100 0 7 2.33333
637637501 100 0 6 1.16667
637572077 97.5708 0.979578 247 1.46975
637637613 98.2639 0.54422 576 1.56907
637572081 93.3198 1.12335 494 1.26336
637637617 96.9937 0.679253 632 1.74011
637572085 97.3016 0.645571 630 1.45547
637637621 96.7049 0.675667 698 1.69686
637572089 96.9325 0.779779 489 1.48231
637637625 98.0707 0.551531 622 1.50442
637572093 0 0 191 0
637637629 0 0 536 0
637572333 94.5545 1.12894 404 1.3559
637637869 98.9437 0.303324 1136 1.81377
637572337 0 0 813 0
637637873 0 0 1213 0
637572341 98.3663 0.371723 1163 1.55255
637637877 88.8106 0.881799 1278 1.71691
637572345 97.1554 0.549887 914 1.48354
637637881 98.0356 0.424447 1069 1.63222
637572349 97.1182 0.898092 347 1.70188
637637885 94.112 0.731354 1036 1.766
637572589 98.3766 0.720079 308 1.43284
637638125 95.5752 1.93455 113 2.27778
637572593 0 0 857 0
637638129 97.0297 0.509325 1111 1.72
637572597 98.0241 0.407922 1164 1.52586
637638133 97.3747 0.450967 1257 2.03238
637572601 96.0938 0.647252 896 1.44715
637638137 97.5763 0.460754 1114 1.84003
637572605 98.1132 0.762978 318 1.65479
637638141 92.8058 2.19166 139 2.00543
637575661 0 0 278 0
637641197 0 0 640 0
637575665 97.4006 0.622196 654 1.4455
637641201 96.9484 0.589274 852 1.48925
637575669 98.109 0.454275 899 1.67087
637641205 95.9205 0.639779 956 1.72752
637575673 0 0 619 0
637641209 0 0 720 0
637575677 98.4436 0.77213 257 1.5407
637641213 96.7262 0.686458 672 1.55802
637579757 0 0 50 0
637645293 0 0 250 0
637579761 97.2414 1.36015 145 1.42308
637645297 94.375 1.288 320 1.30028
637579765 96.4143 1.17359 251 1.49511
637645301 96.8531 1.03231 286 1.65583
637579769 0 0 100 0
637645305 0 0 306 0
637579773 100 0 40 1.39344
637645309 98.227 0.78587 282 1.48094
