637566989 94.6168 0.68171 1096 1.65575
637632525 96.5432 0.641881 810 1.89468
637566993 96.1712 0.455338 1776 1.68669
637632529 96.8036 0.449264 1533 2.12523
637566997 94.7313 0.510253 1917 1.92985
637632533 98.0145 0.306985 2065 2.87418
637567001 97.8898 0.347969 1706 2.35132
637632537 94.6559 0.608534 1366 1.85804
637567005 98.6631 0.34287 1122 2.65298
637632541 98.6905 0.392243 840 2.87154
637567117 92.9756 0.798228 1025 1.67733
637632653 97.8997 0.48983 857 2.11765
637567121 0 0 1866 0
637632657 0 0 1545 0
637567125 0 0 1767 0
637632661 0 0 2130 0
637567129 95.5326 0.494401 1746 1.82847
637632665 94.6326 0.569699 1565 2.08168
637567133 95.9108 0.603737 1076 1.60528
637632669 94.8038 0.722769 943 1.77482
637567245 94.1395 0.716387 1075 1.79247
637632781 96.4079 0.63347 863 2.04233
637567249 0 0 1378 0
637632785 0 0 1327 0
637567253 94.5541 0.592057 1469 1.85886
637632789 96.0774 0.44397 1912 1.93517
637567257 94.7105 0.528147 1796 1.70801
637632793 95.7003 0.51775 1535 2.06029
637567261 94.385 0.687272 1122 1.57452
637632797 96.9231 0.572468 910 2.00839
637567373 96.0784 0.593128 1071 1.65606
637632909 96.8123 0.60362 847 2.01006
637567377 95.6865 0.465961 1901 2.03044
637632913 96.2668 0.468977 1634 2.16617
637567381 95.8159 0.489522 1673 1.70595
637632917 94.5186 0.496938 2098 1.78457
637567385 92.3134 0.724188 1353 1.68091
637632921 96.3387 0.518703 1311 1.77263
637567389 96.5863 0.575358 996 1.66667
637632925 98.5261 0.405769 882 2.00425
637567501 94.7826 0.691227 1035 1.6921
637633037 97.7553 0.496258 891 2.33298
637567505 96.156 0.450534 1821 1.78425
637633041 94.8734 0.548106 1619 1.89879
637567509 0 0 1866 0
637633045 0 0 2091 0
637567513 97.5111 0.366383 1808 1.9079
637633049 94.4247 0.558791 1686 1.92703
637567517 0 0 0 0
637633053 0 0 0 0
637567629 94.929 0.698727 986 1.75749
637633165 97.5862 0.520337 870 2.02778
637567633 95.4315 0.495883 1773 1.79627
637633169 96.2088 0.47612 1609 2.07186
637567637 96.9414 0.392056 1929 2.02857
637633173 95.6835 0.445075 2085 2.12088
637567641 95.7128 0.468941 1866 1.72858
637633177 87.4359 0.839167 1560 2.0531
637567645 96.7488 0.55669 1015 1.73264
637633181 91.2727 0.982614 825 1.85952
637567757 0 0 1066 0
637633293 0 0 858 0
637567761 96.6761 0.425488 1775 1.75258
637633297 97.2733 0.410109 1577 1.94388
637567765 97.0251 0.388136 1916 1.88
637633301 95.1219 0.485569 1968 1.99704
637567769 0 0 1740 0
637633305 0 0 1546 0
637567773 0 0 1024 0
637633309 0 0 1018 0
637567885 94.874 0.650016 1151 1.65465
637633421 94.5755 0.777808 848 1.86152
637567889 0 0 1845 0
637633425 0 0 1648 0
637567893 91.2281 0.662368 1824 1.74915
637633429 93.6251 0.532863 2102 1.81655
637567897 96.4427 0.440135 1771 2.19449
637633433 89.5031 0.7639 1610 1.76283
637567901 93.0323 0.914559 775 1.61585
637633437 93.3642 0.977799 648 2.14242
637568013 98.0483 0.421713 1076 1.78554
637633549 98.4318 0.431504 829 2.29646
637568017 96.0795 0.456064 1811 1.79363
637633553 95.4422 0.543989 1470 1.95934
637568021 84.9244 0.817228 1917 1.43818
637633557 76.5893 0.951129 1982 1.5
637568025 94.7632 0.525799 1795 1.73023
637633561 94.5153 0.574982 1568 1.95582
637568029 88.879 0.937753 1124 1.84909
637633565 97.9522 0.477699 879 2.58503
637568141 95.0652 0.660913 1074 1.66723
637633677 97.2345 0.545396 904 2.74025
637568145 0 0 1763 0
637633681 0 0 1617 0
637568149 0 0 1864 0
637633685 0 0 2036 0
637568153 96.6798 0.425017 1777 1.66702
637633689 96.4076 0.475622 1531 1.85793
637568157 94.6606 0.676314 1105 1.7137
637633693 95.3312 0.695172 921 2.05263
637568269 76.5862 1.26589 1119 1.78116
637633805 97.6985 0.508674 869 2.03344
637568273 0 0 1806 0
637633809 0 0 1499 0
637568277 94.5494 0.527369 1853 2.00536
637633813 92.3484 0.583133 2078 1.96021
637568281 93.8249 0.589361 1668 1.8515
637633817 96.3863 0.478382 1522 2.11378
637568285 92.209 0.811468 1091 2.10659
637633821 98.5437 0.417328 824 2.51982
637568397 97.7756 0.458626 1034 1.75573
637633933 97.5225 0.521616 888 2.14346
637568401 94.6565 0.544981 1703 1.63797
637633937 97.3469 0.419156 1470 2.0916
637568405 94.2357 0.528742 1943 1.80382
637633941 71.8656 1.00697 1994 1.46048
637568409 82.8204 0.892305 1787 1.69403
637633945 96.5086 0.471139 1518 2.03125
637568413 0 0 1072 0
637633949 97.076 0.576182 855 2.3
637569037 94.1322 0.675636 1210 1.54712
637634573 97.3089 0.530922 929 1.81016
637569041 96.4946 0.464312 1569 1.81623
637634577 97.5873 0.386641 1575 1.90884
637569045 83.0499 0.908644 1705 1.39664
637634581 75.4251 1.00835 1823 1.35063
637569049 84.1401 0.921938 1570 1.7274
637634585 96.0959 0.506917 1460 1.82294
637569053 80.9253 1.11935 1232 1.33143
637634589 0 0 965 0
637569165 94.897 0.658432 1117 1.75776
637634701 98.4962 0.398863 931 2.109
637569169 0 0 1691 0
637634705 0 0 1576 0
637569173 0 0 1565 0
637634709 0 0 1880 0
637569177 79.7703 1.0148 1567 1.45812
637634713 90 0.752355 1590 1.5995
637569181 78.547 1.2001 1170 1.4076
637634717 97.5143 0.481381 1046 1.8798
637569293 95.1287 0.652626 1088 1.67148
637634829 97.5815 0.498158 951 2.15543
637569297 0 0 1299 0
637634833 0 0 1372 0
637569301 0 0 1334 0
637634837 0 0 1599 0
637569305 76.0732 1.07196 1584 1.35077
637634841 97.2096 0.419552 1541 2.03898
637569309 96.5462 0.517526 1245 1.69034
637634845 97.3604 0.510789 985 1.90081
637569421 84.8869 1.0775 1105 2.2
637634957 95.4357 0.67221 964 2.00288
637569425 0 0 1710 0
637634961 93.7615 0.598129 1635 1.68722
637569429 94.2838 0.595064 1522 1.69451
637634965 93.9979 0.549865 1866 1.73751
637569433 94.9794 0.626474 1215 1.53005
637634969 96.1625 0.526942 1329 1.72649
637569437 0 0 1042 0
637634973 0 0 907 0
637569549 96.5608 0.541153 1134 1.65868
637635085 95.0054 0.717784 921 1.81063
637569553 96.4029 0.455958 1668 1.88801
637635089 93.8865 0.598385 1603 2.02426
637569557 0 0 1663 0
637635093 0 0 1821 0
637569561 0 0 1647 0
637635097 0 0 1645 0
637569565 0 0 0 0
637635101 0 0 0 0
637569677 98.3943 0.375418 1121 2.04893
637635213 94.0994 0.758147 966 2.09662
637569681 95.4978 0.522149 1577 1.6997
637635217 97.1051 0.420607 1589 2.00055
637569685 0 0 1667 0
637635221 0 0 1821 0
637569689 96.8072 0.431503 1660 2.1011
637635225 98.75 0.277756 1600 2.85093
637569693 95.7117 0.611957 1096 1.60217
637635229 96.2924 0.614976 944 1.80153
637569805 97.2518 0.486766 1128 1.47706
637635341 93.5518 0.798546 946 1.94025
637569809 96.4308 0.464238 1597 1.72393
637635345 97.349 0.398886 1622 1.74173
637569813 98.9273 0.251479 1678 2.70021
637635349 93.8596 0.580548 1710 1.86399
637569817 93.8233 0.598286 1619 1.76899
637635353 96.6187 0.452296 1597 1.79024
637569821 0 0 1095 0
637635357 0 0 1070 0
637569933 0 0 1162 0
637635469 0 0 1053 0
637569937 0 0 1663 0
637635473 0 0 1648 0
637569941 96.2668 0.468977 1634 1.79557
637635477 94.9918 0.508895 1837 1.91443
637569945 93.8048 0.60305 1598 1.89108
637635481 97.8352 0.356867 1663 2.00054
637569949 88.8131 1.16424 733 1.79395
637635485 96.0508 0.731448 709 1.78508
637570061 0 0 1162 0
637635597 0 0 928 0
637570065 95.7809 0.50446 1588 1.84176
637635601 97.2936 0.422083 1478 2.08802
637570069 75.5712 1.03995 1707 1.36648
637635605 80.0113 0.950296 1771 1.52318
637570073 92.3839 0.660052 1615 1.40209
637635609 97.7033 0.373216 1611 1.84061
637570077 79.8801 1.17303 1168 1.29124
637635613 99.005 0.313085 1005 2.51287
637570189 87.069 0.985189 1160 1.44628
637635725 96.9574 0.546983 986 1.86276
637570193 0 0 1610 0
637635729 0 0 1640 0
637570197 0 0 1645 0
637635733 0 0 1784 0
637570201 77.0513 1.06465 1560 1.29521
637635737 81.1125 0.967698 1636 1.44181
637570205 95.5026 0.615432 1134 1.59194
637635741 96.4286 0.576559 1036 1.78227
637570317 93.6626 0.698959 1215 1.8201
637635853 98.1855 0.423787 992 1.9
637570321 0 0 1588 0
637635857 0 0 1489 0
637570325 95.8744 0.493517 1624 1.76345
637635861 95.3653 0.490914 1834 1.95369
637570329 91.0196 0.742913 1481 2.32807
637635865 98.946 0.262112 1518 2.68104
637570333 89.4138 0.910016 1143 1.39624
637635869 94.9227 0.72935 906 1.82883
637570445 96.6759 0.544731 1083 1.7152
637635981 82.2695 1.21569 987 1.37622
637570449 96.0916 0.503063 1484 1.7508
637635985 93.4667 0.638043 1500 1.88868
637570453 95.8475 0.47581 1758 1.52396
637635989 96.4062 0.444571 1753 1.8648
637570457 97.4984 0.390553 1599 1.72533
637635993 98.2911 0.326048 1580 1.77532
637570461 91.347 0.839706 1121 1.62675
637635997 0 0 1008 0
637567021 0 0 1652 0
637632557 0 0 729 0
637567025 0 0 1009 0
637599793 0 0 999 0
637632561 0 0 866 0
637567029 97.9633 0.45075 982 1.85952
637599797 95.6969 0.620655 1069 1.64441
637632565 98.3677 0.371407 1164 1.81313
637567033 82.0538 1.21167 1003 1.30495
637599801 97.495 0.494687 998 1.82623
637632569 96.5937 0.632676 822 1.86049
637567037 95.7485 0.493718 1670 1.56742
637632573 95.082 0.834802 671 1.57205
637567149 98.5009 0.303693 1601 1.57032
637632685 94.6721 0.830104 732 1.61608
637567153 97.5859 0.467697 1077 1.63495
637599921 98.5294 0.390131 952 2.03294
637632689 98.5148 0.42553 808 2.0612
637567157 93.7895 0.783032 950 1.55466
637599925 96.4318 0.554032 1121 1.76941
637632693 96.8268 0.513334 1166 1.78036
637567161 92.8571 0.794784 1050 1.71609
637599929 96.0366 0.62195 984 1.63605
637632697 97.4515 0.549006 824 1.9268
637567165 96.4535 0.465448 1579 1.69446
637632701 96.2386 0.685203 771 1.8656
637567277 97.9016 0.367029 1525 1.91218
637632813 91.2517 1.03655 743 2.1129
637567281 97.0207 0.611898 772 1.44149
637600049 95.9502 0.635227 963 1.61804
637632817 96.6165 0.783881 532 1.65333
637567285 91.3842 1.05455 708 2.33824
637600053 98.9101 0.312913 1101 2.62109
637632821 91.7548 0.894274 946 2.29276
637567289 96.6165 0.554288 1064 1.75454
637600057 96.7334 0.577036 949 2.03943
637632825 92.4829 0.889832 878 1.76099
637567293 94.2134 0.573252 1659 1.51685
637632829 33.1395 1.79458 688 1.86154
637567405 0 0 1542 0
637632941 0 0 757 0
637567409 87.5 0.998973 1096 1.42422
637600177 95.1768 0.701439 933 1.78265
637632945 96.6414 0.593008 923 2.0529
637567413 96.737 0.550387 1042 1.65834
637600181 95 0.623975 1220 1.62865
637632949 30.7892 1.35948 1153 1.78469
637567417 94.9728 0.805421 736 1.59903
637600185 98.0892 0.446063 942 2.35542
637632953 98.7719 0.461308 570 2.29955
637567421 94.4304 0.576953 1580 1.59777
637632957 98.3471 0.473189 726 1.84918
637567533 90.8815 0.709769 1645 1.44341
637633069 96.9359 0.643175 718 1.93236
637567537 96.6919 0.549849 1058 1.5377
637600305 96.8844 0.550788 995 1.67357
637633073 96.5116 0.659524 774 1.77968
637567541 94.3935 0.734486 981 1.44487
637600309 95.8296 0.60194 1103 1.6202
637633077 54.0853 1.48507 1126 1.49485
637567545 98.4344 0.388314 1022 1.7792
637600313 97.7505 0.474168 978 1.89381
637633081 95.6835 0.703726 834 1.79487
637567549 0 0 1573 0
637633085 0 0 767 0
637567661 0 0 1095 0
637633197 0 0 568 0
637567665 76.7717 1.32484 1016 1.45277
637600433 80.7692 1.27067 962 1.47495
637633201 89.0995 1.07273 844 1.5227
637567669 0 0 946 0
637600437 0 0 1184 0
637633205 0 0 1115 0
637567673 98.2709 0.404015 1041 1.69882
637600441 97.234 0.534895 940 1.93184
637633209 94.4099 0.809691 805 1.76164
637567677 96.7866 0.447078 1556 1.64298
637633213 95.3456 0.791154 709 1.64714
637567789 98.7614 0.282387 1534 1.83133
637633325 77.9706 1.51435 749 1.54905
637567793 73.2159 1.34813 1079 1.23865
637600561 80.7773 1.27712 952 1.26377
637633329 71.0983 1.54129 865 1.54698
637567797 0 0 954 0
637600565 0 0 1122 0
637633333 0 0 1068 0
637567801 96.2406 0.583133 1064 1.53846
637600569 95.929 0.638472 958 1.77739
637633337 96.6783 0.749282 572 1.85486
637567805 95.3242 0.527142 1604 1.56442
637633341 96.8407 0.648278 728 1.86693
637567917 97.3325 0.401327 1612 1.80652
637633453 94.0798 0.846654 777 1.97026
637567921 94.381 0.710688 1050 1.56725
637600689 96.8619 0.563871 956 1.66989
637633457 97.7876 0.489202 904 1.78937
637567925 96.1421 0.613638 985 1.64519
637600693 96.0714 0.580504 1120 1.96962
637633461 97.6702 0.451548 1116 1.88067
637567929 95.6439 0.628122 1056 1.63249
637600697 96.087 0.639287 920 1.74838
637633465 96.6002 0.620496 853 1.67149
637567933 0 0 1547 0
637633469 0 0 702 0
637568045 98.8827 0.261879 1611 2.01924
637633581 97.0149 0.626849 737 2.18766
637568049 94.8 0.702111 1000 1.46496
637600817 93.3266 0.793557 989 1.71011
637633585 97.4202 0.55566 814 1.8746
637568053 80.1026 1.27856 975 1.32962
637600821 78.8333 1.17921 1200 1.46134
637633589 82.7172 1.14945 1082 1.38483
637568057 84.7926 1.09016 1085 1.40829
637600825 96.4583 0.596538 960 1.67004
637633593 98.5525 0.41483 829 1.70389
637568061 96.4567 0.473563 1524 1.5163
637633597 97.2414 0.608279 725 2.27922
637568173 97.7356 0.368023 1634 1.65724
637633709 97.6654 0.543816 771 1.79218
637568177 96.7433 0.54935 1044 1.58979
637600945 96.7876 0.567627 965 1.55265
637633713 96.3325 0.657194 818 1.70054
637568181 94.8583 0.71539 953 1.55511
637600949 95.5556 0.614413 1125 1.54
637633717 88.8574 0.966923 1059 1.69927
637568185 94.6588 0.707174 1011 1.56818
637600953 96.8341 0.578519 916 1.58485
637633721 96.1538 0.646801 884 1.71667
637568189 96.9524 0.433131 1575 1.74614
637633725 98.2895 0.47034 760 2.12088
637568301 95.3012 0.519384 1660 1.63762
637633837 98.2166 0.472374 785 2.0928
637568305 46.7391 1.56839 1012 1.14068
637601073 85.0153 1.13956 981 1.41786
637633841 84.9673 1.29215 765 1.31058
637568309 70.7819 1.45866 972 1.19947
637601077 76.62 1.25245 1142 1.33143
637633845 86.3796 1.01679 1138 1.5345
637568313 94.8529 0.716121 952 1.46055
637601081 97.6645 0.492073 942 1.58744
637633849 95.3488 0.756952 774 1.7105
637568317 97.4325 0.405813 1519 1.62292
637633853 95.7004 0.755444 721 1.83487
637568429 92.9105 0.640027 1608 1.5033
637633965 98.8016 0.397067 751 2.20797
637568433 95.8451 0.613219 1059 1.54739
637601201 96.7403 0.575843 951 1.87648
637633969 96.8553 0.618963 795 1.82876
637568437 94.112 0.731354 1036 1.5528
637601205 94.8349 0.644019 1181 1.66717
637633973 98.2488 0.398209 1085 1.76145
637568441 95.2856 0.638175 1103 1.43701
637601209 93.5259 0.776585 1004 1.60175
637633977 80.445 1.35722 854 1.90269
637568445 98.0179 0.35245 1564 1.68124
637633981 95.8221 0.734531 742 1.74807
637569069 0 0 801 0
637601837 0 0 1038 0
637634605 0 0 528 0
637569073 0 0 1533 0
637634609 0 0 1505 0
637569077 97.9564 0.369276 1468 2.10793
637634613 97.918 0.35864 1585 2.10552
637569081 95.5393 0.53267 1502 1.47723
637634617 97.2504 0.439875 1382 1.90717
637569085 96.619 0.651766 769 1.53827
637601853 80.5195 1.20626 1078 1.91902
637634621 98.1744 0.602939 493 1.69374
637569197 97.9138 0.533014 719 1.85875
637601965 95.8375 0.628784 1009 2.08986
637634733 99.0654 0.415998 535 2.10665
637569201 97.8819 0.364788 1558 1.53746
637634737 94.7256 0.596749 1403 1.64091
637569205 95.6399 0.541522 1422 1.63818
637634741 96.0355 0.474642 1690 1.70042
637569209 96.77 0.44935 1548 1.99459
637634745 92.7702 0.692897 1397 1.64613
637569213 96.4763 0.642702 823 1.71804
637601981 96.6492 0.582332 955 1.6759
637634749 98.5294 0.516095 544 1.86343
637569325 94.5333 0.830086 750 1.61432
637602093 89.0496 1.00368 968 1.92934
637634861 97.561 0.668163 533 1.95618
637569329 95.1487 0.600989 1278 1.4645
637634865 95.865 0.578375 1185 1.59027
637569333 97.7866 0.413645 1265 1.93839
637634869 90.2197 0.790794 1411 1.54029
637569337 0 0 1583 0
637634873 0 0 1437 0
637569341 79.1774 1.45572 778 1.55158
637602109 96.8075 0.538697 1065 1.91517
637634877 94.0937 1.06389 491 2.00177
637569453 0 0 721 0
637602221 0 0 921 0
637634989 0 0 521 0
637569457 0 0 1582 0
637634993 96.6901 0.474735 1420 2.32825
637569461 0 0 1617 0
637634997 0 0 1708 0
637569465 94.2135 0.666563 1227 1.42689
637635001 95.0947 0.633592 1162 1.47168
637569469 0 0 752 0
637602237 0 0 944 0
637635005 0 0 521 0
637569581 95.7882 0.696769 831 1.56507
637602349 97.8916 0.455221 996 1.85751
637635117 97.6424 0.6725 509 1.87817
637569585 95.925 0.502836 1546 1.58213
637635121 96.2781 0.501639 1424 1.80207
637569589 98.5587 0.312246 1457 2.18967
637635125 98.1273 0.338683 1602 2.04889
637569593 95.1783 0.55056 1514 1.53721
637635129 0 0 1400 0
637569597 93.4605 0.912512 734 1.4126
637602365 96.0285 0.623191 982 1.72316
637635133 97.0696 0.721787 546 1.90141
637569709 96.6543 0.77529 538 1.55575
637602477 96.5046 0.715998 658 1.88818
637635245 98.2456 0.657253 399 1.79878
637569713 95.4424 0.539953 1492 1.52648
637635249 96.4975 0.491517 1399 1.64366
637569717 94.3089 0.603017 1476 1.90485
637635253 95.7869 0.500039 1614 1.5301
637569721 95.9451 0.504429 1529 1.5896
637635257 96.3354 0.498784 1419 1.76825
637569725 97.2074 0.600816 752 1.76493
637602493 95.7055 0.648268 978 1.61715
637635261 92.6 1.17068 500 1.61634
637569837 96.371 0.685618 744 1.52494
637602605 96.1039 0.611602 1001 1.58949
637635373 96.846 0.752795 539 1.59306
637569841 0 0 1592 0
637635377 0 0 1470 0
637569845 98.1707 0.348808 1476 1.77798
637635381 90.8743 0.727477 1567 1.71241
637569849 93.7618 0.607091 1587 1.56501
637635385 97.6824 0.440823 1165 1.82771
637569853 95.3634 0.74437 798 1.42807
637602621 97.1164 0.537039 971 1.73169
637635389 97.1264 0.731213 522 1.60227
637569965 96.5779 0.647208 789 1.50637
637602733 95.0455 0.690029 989 1.74776
637635501 97.2028 0.689451 572 1.80764
637569969 93.075 0.639919 1574 1.6236
637635505 96.9972 0.450994 1432 1.93529
637569973 0 0 1465 0
637635509 0 0 1604 0
637569977 96.6847 0.465696 1478 1.65834
637635513 87.0437 0.898486 1397 1.74318
637569981 96.3522 0.66491 795 1.60563
637602749 84.0549 1.18965 947 1.31277
637635517 97.318 0.707115 522 1.63894
637570093 97.8864 0.522787 757 1.68143
637602861 97.5705 0.47997 1029 1.72848
637635629 95.3033 0.93592 511 1.7604
637570097 95.7823 0.524229 1470 1.51476
637635633 94.2635 0.618842 1412 1.63783
637570101 80.6136 1.01001 1532 1.22176
637635637 76.5931 1.04811 1632 1.42647
637570105 88.7209 0.794077 1587 1.68626
637635641 97.3759 0.425704 1410 2.07417
637570109 95.5862 0.762842 725 1.4786
637602877 97.3333 0.515956 975 1.57118
637635645 97.619 0.67909 504 1.64583
637570221 97.8155 0.509229 824 1.63404
637602989 95.6044 0.647935 1001 1.85211
637635757 98.3114 0.55808 533 1.85276
637570225 94.6215 0.581316 1506 1.72767
637635761 97.9798 0.377906 1386 2.0125
637570229 94.6975 0.584257 1471 1.56353
637635765 94.636 0.569346 1566 1.81876
637570233 95.9239 0.515384 1472 1.62288
637635769 95.3857 0.55057 1452 1.69801
637570237 97.1464 0.586465 806 1.55051
637603005 97.3168 0.519107 969 1.59912
637635773 88.1356 1.4033 531 1.74873
637570349 98.2256 0.470002 789 1.48391
637603117 97.2035 0.51199 1037 1.72948
637635885 95.7045 0.840452 582 1.66716
637570353 96.4064 0.489312 1447 1.62573
637635889 96.5108 0.499999 1347 1.79389
637570357 94.2995 0.60762 1456 1.6
637635893 92.7184 0.640054 1648 1.69681
637570361 97.1066 0.445293 1417 1.81347
637635897 88.7816 0.860211 1346 1.6731
637570365 97.8142 0.540443 732 1.53995
637603133 96.0554 0.635564 938 1.64029
637635901 96.3878 0.813583 526 1.72471
637570477 95.5041 0.764842 734 1.53808
637603245 96.3303 0.600294 981 1.71327
637636013 97.3535 0.697885 529 1.74916
637570481 91.3325 0.715576 1546 1.67505
637636017 82.8342 1.01914 1369 1.44537
637570485 95.183 0.542652 1557 1.67966
637636021 95.1309 0.530968 1643 1.67014
637570489 0 0 1637 0
637636025 92.8318 0.687224 1409 1.59632
637570493 98.6188 0.433752 724 1.8423
637603261 97.7845 0.467086 993 1.8522
637636029 88.6497 1.40324 511 1.42414
637567053 98.1716 0.502452 711 1.53701
637632589 97.3064 0.66427 594 1.69924
637567057 97.2561 0.637809 656 1.60465
637632593 81.6434 1.61867 572 1.41071
637567061 97.6153 0.608351 629 1.47519
637632597 95.9881 0.756442 673 1.50763
637567065 91.2088 1.12195 637 1.70492
637632601 99.2424 0.37735 528 1.77172
637567069 0 0 687 0
637632605 0 0 709 0
637567181 93.1298 0.988346 655 1.39574
637632717 92.1725 1.07356 626 1.45008
637567185 0 0 622 0
637632721 0 0 559 0
637567189 97.5 0.637377 600 1.46789
637632725 73.0506 1.64107 731 1.45484
637567193 96.8603 0.690953 637 1.46657
637632729 97.8927 0.628639 522 1.57739
637567197 97.2973 0.628365 666 1.70985
637632733 95.3901 0.882997 564 1.39303
637567309 96.3359 0.734105 655 1.39972
637632845 96.4587 0.758972 593 1.44586
637567313 0 0 521 0
637632849 0 0 462 0
637567317 98.3607 0.514139 610 1.79479
637632853 60.8424 1.92789 641 1.49309
637567321 96.6521 0.686298 687 1.43423
637632857 96.9072 0.717615 582 1.59003
637567325 95.9821 0.757544 672 1.44369
637632861 96.5217 0.764117 575 1.46446
637567437 97.4359 0.613862 663 1.5615
637632973 94.3907 1.01198 517 1.63327
637567441 0 0 689 0
637632977 0 0 558 0
637567445 0 0 663 0
637632981 0 0 644 0
637567449 94.5455 1.0207 495 1.27828
637632985 96.4115 0.909774 418 1.50964
637567453 84.917 1.3899 663 1.26911
637632989 98.9848 0.412356 591 1.77209
637567565 80.4452 1.58144 629 1.25902
637633101 95.0963 0.903701 571 1.61221
637567569 0 0 637 0
637633105 0 0 538 0
637567573 0 0 607 0
637633109 0 0 624 0
637567577 94.8553 0.885759 622 1.45455
637633113 98.8889 0.451083 540 2.40164
637567581 95.5906 0.814728 635 1.5942
637633117 96.6549 0.754468 568 1.69808
637567693 0 0 623 0
637633229 0 0 605 0
637567697 0 0 652 0
637633233 0 0 568 0
637567701 0 0 608 0
637633237 0 0 619 0
637567705 97.8827 0.580974 614 1.61272
637633241 87.7034 1.39649 553 1.7326
637567709 0 0 604 0
637633245 0 0 566 0
637567821 81.0811 1.56165 629 1.61204
637633357 77.0609 1.77987 558 1.51553
637567825 97.0914 0.625407 722 1.53711
637633361 97.9362 0.615801 533 1.52588
637567829 96.2783 0.761447 618 1.63876
637633365 95.6325 0.793111 664 1.70289
637567833 95.9664 0.806581 595 1.50969
637633369 95.514 0.894923 535 1.54104
637567837 96.8657 0.673162 670 1.53154
637633373 95.9559 0.844594 544 1.6919
637567949 86.2595 1.34519 655 1.25197
637633485 97.1761 0.675161 602 1.80183
637567953 95.8716 0.777945 654 1.46375
637633489 96.5328 0.781509 548 1.64967
637567957 0 0 617 0
637633493 0 0 695 0
637567961 97.3643 0.630761 645 1.85144
637633497 87.4517 1.4555 518 1.6581
637567965 97.1514 0.644133 667 1.70735
637633501 91.4286 1.22177 525 1.66421
637568077 97.7918 0.583615 634 1.75356
637633613 99.6774 0.227731 620 2.04381
637568081 0 0 580 0
637633617 0 0 573 0
637568085 79.6148 1.61403 623 1.34369
637633621 81.1145 1.53992 646 1.41779
637568089 97.7492 0.594744 622 1.61933
637633625 64.0074 2.06741 539 1.68984
637568093 0 0 652 0
637633629 0 0 590 0
637568205 0 0 704 0
637633741 0 0 572 0
637568209 0 0 636 0
637633745 0 0 543 0
637568213 91.8336 1.07496 649 1.55126
637633749 82.2504 1.52107 631 1.58494
637568217 93.4343 1.01625 594 1.62096
637633753 96.994 0.764394 499 1.58185
637568221 95.6716 0.786169 670 1.50407
637633757 93.1092 1.03842 595 1.55717
637568333 0 0 644 0
637633869 0 0 629 0
637568337 0 0 599 0
637633873 0 0 523 0
637568341 0 0 562 0
637633877 0 0 639 0
637568345 93.7391 1.01029 575 1.51864
637633881 96.6805 0.815985 482 1.70621
637568349 0 0 617 0
637633885 0 0 564 0
637568461 99.2126 0.350747 635 2.20358
637633997 98.7868 0.455745 577 2.56769
637568465 94.6809 0.874861 658 1.34943
637634001 96.063 0.862838 508 1.53805
637568469 0 0 633 0
637634005 0 0 674 0
637568473 92.6332 1.03422 638 1.39571
637634009 94.6274 0.938671 577 1.73179
637568477 0 0 653 0
637634013 0 0 615 0
637571149 96.1471 0.805459 571 1.59517
637636685 98.7226 0.479708 548 1.74923
637571153 96.2963 0.726894 675 1.3709
637636689 93.4891 1.00806 599 1.57433
637571157 96.2293 0.739793 663 1.58192
637636693 97.7151 0.547813 744 1.71007
637571161 98.0114 0.526174 704 1.49268
637636697 98.1949 0.565633 554 1.92089
637571165 93.75 0.994866 592 1.57447
637636701 98.4405 0.547034 513 2.06515
637571277 88.2943 1.31466 598 1.41049
637636813 96.2745 0.838615 510 1.37605
637571281 0 0 713 0
637636817 0 0 563 0
637571285 0 0 655 0
637636821 0 0 667 0
637571289 84.7407 1.38408 675 1.3018
637636825 57.9606 2.0878 559 1.18049
637571293 94.941 0.89998 593 1.40441
637636829 98.3838 0.566763 495 1.60929
637571405 0 0 666 0
637636941 0 0 469 0
637571409 0 0 575 0
637636945 0 0 426 0
637571413 96.6454 0.719657 626 1.59827
637636949 98.4353 0.468076 703 1.68889
637571417 95.5764 0.752824 746 1.62681
637636953 96.6728 0.771065 541 1.60862
637571421 92.3328 1.07465 613 1.53662
637636957 99.0244 0.396343 615 2.0084
637571533 98.1873 0.518514 662 1.81115
637637069 99.2048 0.39603 503 1.98974
637571537 0 0 762 0
637637073 0 0 601 0
637571541 0 0 661 0
637637077 0 0 774 0
637571545 96.1039 0.779642 616 1.32743
637637081 95.6818 0.969034 440 1.50529
637571549 96.1165 0.77717 618 1.45722
637637085 97.7642 0.666532 492 1.4716
637571661 94.7368 0.853797 684 1.55497
637637197 98.513 0.521806 538 1.97535
637571665 0 0 729 0
637637201 0 0 606 0
637571669 0 0 697 0
637637205 0 0 744 0
637571673 97.6048 0.591587 668 1.51769
637637209 99.5049 0.285109 606 1.81481
637571677 97.2896 0.613327 701 1.50939
637637213 97.6096 0.681763 502 1.74124
637571789 0 0 643 0
637637325 0 0 509 0
637571793 0 0 697 0
637637329 0 0 519 0
637571797 0 0 671 0
637637333 0 0 742 0
637571801 95.6845 0.783882 672 1.40551
637637337 88.1034 1.34429 580 1.66102
637571805 97.3412 0.618295 677 1.49742
637637341 97.1483 0.725734 526 1.56198
637571917 91.8495 1.08323 638 1.92442
637637453 96.9407 0.753029 523 2.28866
637571921 94.9721 0.81665 716 1.39286
637637457 97.8182 0.622928 550 1.72344
637571925 97.4922 0.619048 638 1.73429
637637461 97.8193 0.576423 642 2.08929
637571929 0 0 716 0
637637465 0 0 553 0
637571933 97.6852 0.590724 648 1.54724
637637469 96.7807 0.791768 497 1.99658
637572045 0 0 685 0
637637581 0 0 504 0
637572049 87.4818 1.26256 687 1.33471
637637585 97.7654 0.637836 537 1.65154
637572053 0 0 661 0
637637589 0 0 761 0
637572057 0 0 713 0
637637593 0 0 556 0
637572061 97.2136 0.647541 646 1.81842
637637597 98.4405 0.547034 513 1.78291
637572173 94.9091 0.937282 550 1.65781
637637709 94.902 0.973989 510 2.04882
637572177 0 0 293 0
637637713 0 0 311 0
637572181 80.1802 1.54471 666 1.35294
637637717 79.7784 1.4948 722 1.3928
637572185 82.9882 1.44514 676 1.66018
637637721 97.2376 0.703336 543 1.69079
637572189 96.5245 0.727991 633 1.36746
637637725 97.7956 0.657287 499 1.53378
637572301 0 0 635 0
637637837 0 0 552 0
637572305 0 0 721 0
637637841 0 0 576 0
637572309 95.3719 0.854149 605 1.5096
637637845 95.8277 0.733564 743 1.7531
637572313 97.1698 0.657574 636 1.5664
637637849 97.3333 0.703129 525 1.82794
637572317 0 0 670 0
637637853 0 0 490 0
637572429 97.4832 0.6416 596 1.56122
637637965 95.7486 0.867427 541 1.68455
637572433 54.9192 1.90671 681 1.34244
637637969 85 1.48266 580 2.2192
637572437 0 0 627 0
637637973 0 0 714 0
637572441 96.5944 0.7136 646 1.63079
637637977 97.2678 0.695757 549 1.66054
637572445 93.5264 1.0156 587 1.41705
637637981 99.2218 0.387588 514 2.35511
637572557 98.9601 0.422309 577 1.70117
637638093 98.2726 0.570821 521 1.71642
637572561 0 0 682 0
637638097 0 0 538 0
637572565 0 0 693 0
637638101 0 0 712 0
637572569 96.4388 0.699453 702 1.5825
637638105 90.5188 1.23907 559 1.73333
637572573 0 0 606 0
637638109 0 0 479 0
637567085 100 0 3 1.5
637632621 100 0 1 2
637567089 0 0 238 0
637632625 0 0 412 0
637567093 0 0 386 0
637632629 0 0 397 0
637567097 85.1852 2.27891 243 1.25311
637632633 49.1184 2.50904 397 1.22072
637567101 100 0 6 1.5
637632637 100 0 2 2.33333
637567213 100 0 3 1
637632749 0 0 0 1
637567217 0 0 198 0
637632753 0 0 374 0
637567221 98.8235 0.584765 340 1.70681
637632757 90.709 1.43547 409 1.67303
637567225 96.1207 1.26777 232 1.46303
637632761 95.5614 1.05237 383 1.64733
637567229 100 0 8 1.66667
637632765 100 0 3 2.2
637567341 100 0 66 1.64286
637632877 78.2609 2.15015 368 1.825
637567345 0 0 263 0
637632881 0 0 379 0
637567349 97.9827 0.754734 347 1.58612
637632885 94.723 1.14843 379 1.57246
637567353 96.4981 1.14669 257 1.51449
637632889 98.7835 0.540735 411 1.64009
637567357 87.1429 4.00073 70 1.96154
637632893 91.3158 1.4446 380 1.48571
637567469 0 0 23 0
637633005 0 0 226 0
637567473 0 0 95 0
637633009 0 0 274 0
637567477 97.0149 1.20032 201 1.45631
637633013 96.3964 1.2509 222 1.53814
637567481 0 0 109 0
637633017 0 0 237 0
637567485 93.3333 6.44061 15 1.44444
637633021 95 1.5411 200 1.34826
637567597 98.8889 0.781298 180 1.5942
637633133 98.9775 0.45493 489 1.88489
637567601 83.6559 1.71476 465 1.24113
637633137 76.8953 1.79079 554 1.35135
637567605 94.9664 0.89557 596 1.37742
637633141 94.186 0.953742 602 1.51648
637567609 97.9215 0.685602 433 1.47246
637633145 96.587 0.750027 586 1.55172
637567613 94.0594 1.66318 202 1.34529
637633149 95.4357 0.950648 482 1.68102
637567725 96.4539 1.55749 141 1.47333
637633261 81.8182 4.11152 88 1.80899
637567729 90.224 1.34029 491 1.60543
637633265 91.2162 1.16336 592 1.72391
637567733 97.3101 0.643556 632 1.50661
637633269 96.6258 0.707148 652 1.5831
637567737 94.3662 1.03426 497 1.62282
637633273 99.8282 0.171674 582 1.95853
637567741 91.9753 2.13448 162 1.52353
637633277 92.6316 2.68043 95 1.94737
637567853 0 0 4 0
637633389 0 0 2 0
637567857 97.7131 0.681597 481 1.62695
637633393 98.2877 0.53683 584 1.53448
637567861 0 0 624 0
637633397 0 0 642 0
637567865 98.9154 0.482409 461 2.17822
637633401 92.6175 1.07109 596 1.95027
637567869 100 0 5 1.8
637633405 0 0 1 0
637567981 80.3681 3.11121 163 1.16892
637633517 92.3077 3.69526 52 1.48611
637567985 93.159 1.13239 497 1.40661
637633521 96.5854 0.732302 615 1.68195
637567989 96.7949 0.705109 624 1.66224
637633525 92.2969 0.997876 714 1.75172
637567993 96.6292 0.855539 445 1.58921
637633529 95.6597 0.849009 576 1.69968
637567997 97.619 1.17622 168 1.61497
637633533 98.75 1.24216 80 1.94595
637568109 94.1489 1.71177 188 1.45815
637633645 94.5378 1.04156 476 1.64706
637568113 95.3964 1.0598 391 1.53041
637633649 96.0152 0.852058 527 1.66843
637568117 62.2699 1.89828 652 1.18925
637633653 61.5932 1.83439 703 1.35429
637568121 96.1098 0.924969 437 1.57113
637633657 98.2578 0.546099 574 1.71584
637568125 97.5369 1.08786 203 1.67213
637633661 96.5451 0.800136 521 1.74695
637568237 91.3907 2.28268 151 1.46784
637633773 98.8906 0.416963 631 1.70282
637568241 87.6437 1.76407 348 1.50445
637633777 94.2056 1.0101 535 1.56491
637568245 96.5679 0.719067 641 1.45364
637633781 97.0732 0.679689 615 1.5052
637568249 0 0 439 0
637633785 0 0 578 0
637568253 85.1648 2.63476 182 1.4712
637633789 98.2258 0.530173 620 1.71713
637568365 97.8261 1.07508 184 1.42056
637633901 96.9466 0.751614 524 1.74221
637568369 94.9881 1.06593 419 1.67181
637633905 97.7929 0.605355 589 1.57055
637568373 89.5349 1.24758 602 1.45673
637633909 94.1363 0.935298 631 1.59823
637568377 95.4442 0.995234 439 1.46921
637633913 97.8304 0.647031 507 1.69078
637568381 98.3425 0.94897 181 1.78281
637633917 88.7755 1.42604 490 1.5802
637568493 89.5522 3.73691 67 1.32
637634029 98.4227 0.699799 317 1.59053
637568497 0 0 239 0
637634033 0 0 290 0
637568501 99.2831 0.505067 279 2.40557
637634037 90.7643 1.63391 314 1.6372
637568505 96.861 1.16767 223 1.36905
637634041 97.7419 0.843777 310 1.55
637568509 100 0 80 1.36893
637634045 86.2745 1.96718 306 1.52258
637571181 77.7778 13.858 9 1.14286
637636717 100 0 5 1.66667
637571185 0 0 478 0
637636721 0 0 602 0
637571189 98.7241 0.448217 627 1.68367
637636725 96.0236 0.749896 679 1.75749
637571193 96.6457 0.82439 477 1.54369
637636729 93.8433 1.03823 536 1.6431
637571197 0 0 10 0
637636733 0 0 0 0
637571309 95.302 1.73346 149 1.45562
637636845 95.3488 2.27085 86 2.16822
637571313 0 0 457 0
637636849 0 0 601 0
637571317 81.431 1.60498 587 1.6094
637636853 95.5556 0.793204 675 1.62554
637571321 96.875 0.822038 448 1.48637
637636857 95.8707 0.843047 557 1.47667
637571325 96.9388 1.23046 196 1.49275
637636861 95.7447 2.0819 94 1.64545
637571437 98.0392 0.970733 204 1.61943
637636973 96.8487 0.800729 476 1.73694
637571441 0 0 282 0
637636977 0 0 501 0
637571445 96.1667 0.783836 600 1.44741
637636981 95.0241 0.871183 623 1.61686
637571449 95.7684 0.950039 449 1.41239
637636985 95.2118 0.916288 543 1.5192
637571453 98.6425 0.778396 221 1.55344
637636989 96.7366 0.857832 429 1.70149
637571565 0 0 144 0
637637101 0 0 369 0
637571569 0 0 340 0
637637105 0 0 452 0
637571573 93.7931 1.15685 435 1.46325
637637109 96.5116 0.884845 430 1.41342
637571577 0 0 301 0
637637113 0 0 312 0
637571581 96.6887 1.45612 151 1.53933
637637117 96.4286 0.937305 392 1.62353
637571693 0 0 109 0
637637229 0 0 387 0
637571697 88.2943 1.85921 299 1.13605
637637233 0.22831 0.22805 438 1.75862
637571701 96.7172 0.895423 396 1.52489
637637237 95.1219 1.01432 451 1.44306
637571705 96.4844 1.15109 256 1.55762
637637241 94.7781 1.13676 383 1.74194
637571709 99.187 0.809696 123 1.43448
637637245 97.2145 0.868503 359 1.60599
637571821 100 0 17 1.66667
637637357 62.5 17.1163 8 1.33333
637571825 97.3978 0.970669 269 1.54153
637637361 96.2766 0.97642 376 1.62408
637571829 96.0938 0.988694 384 1.50237
637637365 95.2153 1.04398 418 1.48791
637571833 99.6154 0.383876 260 1.56357
637637369 97.1963 0.797942 428 1.58734
637571837 94.4444 5.39903 18 1.41176
637637373 75 21.6506 4 1.33333
637571949 0 0 10 0
637637485 0 0 5 0
637571953 96.6102 1.05363 295 1.35714
637637489 97.543 0.767368 407 1.46897
637571957 0 0 376 0
637637493 0 0 357 0
637571961 93.3071 1.56801 254 1.39643
637637497 96.3303 0.90044 436 1.60317
637571965 80 17.8885 5 1.25
637637501 100 0 4 2.25
637572077 98.3051 1.18829 118 1.5
637637613 97.8328 0.810194 323 1.48901
637572081 91.498 1.77467 247 1.34902
637637617 95.6522 1.09793 345 1.71391
637572085 95.9627 1.0969 322 1.427
637637621 95.5432 1.08909 359 1.65375
637572089 97.0588 1.02446 272 1.51557
637637625 96.4497 1.00652 338 1.49296
637572093 0 0 97 0
637637629 0 0 286 0
637572333 94.4444 1.55857 216 1.31405
637637869 98.5507 0.50867 552 1.68342
637572337 0 0 462 0
637637873 0 0 625 0
637572341 97.6231 0.627661 589 1.63678
637637877 88.3333 1.19638 720 1.67571
637572345 98.2183 0.624302 449 1.4375
637637881 97.6109 0.630835 586 1.63399
637572349 98.1221 0.930109 213 1.6129
637637885 93.8671 0.990307 587 1.80068
637572589 97.2973 1.33296 148 1.39394
637638125 98.4127 1.57465 63 2.11579
637572593 0 0 504 0
637638129 98.2111 0.56062 559 1.73445
637572597 96.9512 0.671255 656 1.53475
637638133 96.8085 0.685237 658 2.08939
637572601 94.4785 1.03286 489 1.4375
637638137 97.2603 0.675484 584 1.76252
637572605 96.7213 1.31639 183 1.75743
637638141 93.617 2.5213 94 1.77586
637575661 0 0 170 0
637641197 0 0 342 0
637575665 96.5789 0.932458 380 1.40233
637641201 97.0213 0.784151 470 1.48457
637575669 98.2495 0.613471 457 1.639
637641205 95.3358 0.910821 536 1.71843
637575673 0 0 290 0
637641209 0 0 392 0
637575677 96.3235 1.61366 136 1.64118
637641213 95.6403 1.0659 367 1.51508
637579757 0 0 31 0
637645293 0 0 124 0
637579761 93.1034 3.32725 58 1.36364
637645297 91.5152 2.16933 165 1.22652
637579765 96.732 1.4374 153 1.4581
637645301 96.1538 1.53969 156 1.56771
637579769 0 0 51 0
637645305 0 0 164 0
637579773 86.3636 7.3165 22 1.53125
637645309 99.2481 0.749046 133 1.53086
